"Commit SHA","Java File","Old function signature","New function signature"
"200a02a9f77a4a4a570f78f5c89a678c9f7e13f5","redisson-spring-data/redisson-spring-data-16/src/main/java/org/redisson/spring/data/connection/RedissonConnection.java","value(Object, boolean, String)","value(Range.Boundary, String)"
"200a02a9f77a4a4a570f78f5c89a678c9f7e13f5","redisson-spring-data/redisson-spring-data-17/src/main/java/org/redisson/spring/data/connection/RedissonConnection.java","value(Object, boolean, String)","value(Range.Boundary, String)"
"200a02a9f77a4a4a570f78f5c89a678c9f7e13f5","redisson-spring-data/redisson-spring-data-18/src/main/java/org/redisson/spring/data/connection/RedissonConnection.java","value(Object, boolean, String)","value(Range.Boundary, String)"
"200a02a9f77a4a4a570f78f5c89a678c9f7e13f5","redisson-spring-data/redisson-spring-data-20/src/main/java/org/redisson/spring/data/connection/RedissonConnection.java","value(Object, boolean, String)","value(Range.Boundary, String)"
"200a02a9f77a4a4a570f78f5c89a678c9f7e13f5","redisson-spring-data/redisson-spring-data-21/src/main/java/org/redisson/spring/data/connection/RedissonConnection.java","value(Object, boolean, String)","value(Range.Boundary, String)"
"200a02a9f77a4a4a570f78f5c89a678c9f7e13f5","redisson-spring-data/redisson-spring-data-22/src/main/java/org/redisson/spring/data/connection/RedissonConnection.java","value(Object, boolean, String)","value(Range.Boundary, String)"
"200a02a9f77a4a4a570f78f5c89a678c9f7e13f5","redisson-spring-data/redisson-spring-data-23/src/main/java/org/redisson/spring/data/connection/RedissonConnection.java","value(Object, boolean, String)","value(Range.Boundary, String)"
"200a02a9f77a4a4a570f78f5c89a678c9f7e13f5","redisson-spring-data/redisson-spring-data-24/src/main/java/org/redisson/spring/data/connection/RedissonConnection.java","value(Object, boolean, String)","value(Range.Boundary, String)"
"88d1c9507c4bea84711e7a862241a08cc93bab06","redisson/src/main/java/org/redisson/RedissonTimeSeries.java","scanIterator(String, RedisClient, long, String, int)","scanIterator(String, RedisClient, long, int)"
"88d1c9507c4bea84711e7a862241a08cc93bab06","redisson/src/main/java/org/redisson/RedissonTimeSeries.java","scanIteratorAsync(String, RedisClient, long, String, int)","scanIteratorAsync(String, RedisClient, long, int)"
"97c94d9aa3b037732553ac2987fcff5f5bc7f015","redisson/src/main/java/org/redisson/pubsub/AsyncSemaphore.java","tryRun(int)","tryRun()"
"d58ee9acdbc6083d53d58ebbf6300ccd04040890","redisson/src/main/java/org/redisson/client/handler/CommandDecoder.java","decodeCommandBatch(Channel, ByteBuf, QueueCommand, CommandsData)","decodeCommandBatch(Channel, ByteBuf, CommandsData)"
"d58ee9acdbc6083d53d58ebbf6300ccd04040890","redisson/src/main/java/org/redisson/client/handler/CommandDecoder.java","handleResult(CommandData<Object,Object>, List<Object>, Object, boolean, Channel)","handleResult(CommandData<Object,Object>, List<Object>, Object, boolean)"
"d58ee9acdbc6083d53d58ebbf6300ccd04040890","redisson/src/main/java/org/redisson/client/handler/CommandDecoder.java","completeResponse(CommandData<Object,Object>, Object, Channel)","completeResponse(CommandData<Object,Object>, Object)"
"4ddc8ff6a3938fde3be4dda9ef6b8c49b00e4e2e","redisson/src/main/java/org/redisson/RedissonLiveObjectService.java","delete(Object, RMap<String,?>, CommandBatchService, Set<String>)","delete(Object, Class<?>, NamingScheme, CommandBatchService, Set<String>)"
"4ddc8ff6a3938fde3be4dda9ef6b8c49b00e4e2e","redisson/src/main/java/org/redisson/RedissonLiveObjectService.java","delete(Object, RMap<String,?>, CommandBatchService)","delete(Object, Class<?>, NamingScheme, CommandBatchService)"
"c41f59b1077a423b46f946958231416658c729c4","redisson/src/main/java/org/redisson/pubsub/PublishSubscribeService.java","subscribe(PubSubType, Codec, ChannelName, RPromise<PubSubConnectionEntry>, RedisPubSubListener<?>)","subscribe(PubSubType, Codec, ChannelName, RedisPubSubListener<?>)"
"ce92eca96b369802ec96d40f3af021a188f7dde1","redisson/src/main/java/org/redisson/liveobject/core/AccessorInterceptor.java","removeIndex(Object, Object, String, Field)","removeIndex(RMap<String,Object>, Object, Field)"
"ce92eca96b369802ec96d40f3af021a188f7dde1","redisson/src/main/java/org/redisson/liveobject/resolver/DefaultNamingScheme.java","getNamePattern(Class<?>, Class<?>, String)","getNamePattern(Class<?>)"
"ce92eca96b369802ec96d40f3af021a188f7dde1","redisson/src/main/java/org/redisson/liveobject/resolver/DefaultNamingScheme.java","getName(Class<?>, Class<?>, String, Object)","getName(Class<?>, Object)"
"ce92eca96b369802ec96d40f3af021a188f7dde1","redisson/src/main/java/org/redisson/liveobject/resolver/DefaultNamingScheme.java","getFieldReferenceName(Class<?>, Object, Class<?>, String, Object)","getFieldReferenceName(Class<?>, Object, Class<?>, String)"
"ce92eca96b369802ec96d40f3af021a188f7dde1","redisson/src/main/java/org/redisson/liveobject/resolver/NamingScheme.java","getNamePattern(Class<?>, Class<?>, String)","getNamePattern(Class<?>)"
"ce92eca96b369802ec96d40f3af021a188f7dde1","redisson/src/main/java/org/redisson/liveobject/resolver/NamingScheme.java","getName(Class<?>, Class<?>, String, Object)","getName(Class<?>, Object)"
"ce92eca96b369802ec96d40f3af021a188f7dde1","redisson/src/main/java/org/redisson/liveobject/resolver/NamingScheme.java","getFieldReferenceName(Class<?>, Object, Class<?>, String, Object)","getFieldReferenceName(Class<?>, Object, Class<?>, String)"
"fcfec4534d4fd5c9b1f308217b51788b85400507","redisson/src/main/java/org/redisson/cluster/ClusterConnectionManager.java","scheduleClusterChangeCheck(ClusterServersConfig, Iterator<RedisURI>)","scheduleClusterChangeCheck(ClusterServersConfig)"
"fcfec4534d4fd5c9b1f308217b51788b85400507","redisson/src/main/java/org/redisson/cluster/ClusterConnectionManager.java","checkSlotsChange(ClusterServersConfig, Collection<ClusterPartition>)","checkSlotsChange(Collection<ClusterPartition>)"
"b81720e3c5268f42775138e5751ce5b25c3f8e3b","redisson/src/main/java/org/redisson/command/CommandAsyncService.java","loadScript(List<Object>, String)","loadScript(RedisClient, String)"
"981ce2e4b13ec3ebc89a703d754a9ca1dcc9f3ac","redisson/src/main/java/org/redisson/liveobject/core/AccessorInterceptor.java","removeIndex(Object, RMap<String,Object>, String, Field)","removeIndex(Object, Object, String, Field)"
"82fbf7694b6b389b3cf2eee87d38b7811bce834a","redisson/src/main/java/org/redisson/connection/MasterSlaveEntry.java","reattachBlockingQueue(RedisConnection)","reattachBlockingQueue(CommandData<?,?>)"
"7707cd531656557c79ed99ba8d91dc244d8190ac","redisson/src/main/java/org/redisson/executor/TasksRunnerService.java","scheduleRetryTimeRenewal(String, long)","scheduleRetryTimeRenewal(String, Long)"
"c33e1e5083f536112464a35a43404658869c8d8a","redisson/src/main/java/org/redisson/liveobject/core/LiveObjectInterceptor.java","intercept(Method, Object[], Object, Object, Setter, Getter, RMap<?,?>, Setter, Getter)","intercept(Method, Object[], Object, Object, Setter, Getter, RMap<String,?>, Setter, Getter)"
"7b456ba3e7259d9aa3dc5482f59a810799796a04","redisson-spring-data/redisson-spring-data-17/src/main/java/org/redisson/spring/data/connection/RedissonConnection.java","accept(List<?>, Throwable)","accept(BatchResult<?>, Throwable)"
"bad582f96eba9fc50442a9a5a4af95472007de86","redisson-spring-data/redisson-spring-data-16/src/main/java/org/redisson/spring/data/connection/RedissonConnection.java","accept(List<?>, Throwable)","accept(BatchResult<?>, Throwable)"
"bad582f96eba9fc50442a9a5a4af95472007de86","redisson-spring-data/redisson-spring-data-18/src/main/java/org/redisson/spring/data/connection/RedissonConnection.java","accept(List<?>, Throwable)","accept(BatchResult<?>, Throwable)"
"bad582f96eba9fc50442a9a5a4af95472007de86","redisson-spring-data/redisson-spring-data-20/src/main/java/org/redisson/spring/data/connection/RedissonConnection.java","accept(List<?>, Throwable)","accept(BatchResult<?>, Throwable)"
"bad582f96eba9fc50442a9a5a4af95472007de86","redisson-spring-data/redisson-spring-data-21/src/main/java/org/redisson/spring/data/connection/RedissonConnection.java","accept(List<?>, Throwable)","accept(BatchResult<?>, Throwable)"
"bad582f96eba9fc50442a9a5a4af95472007de86","redisson-spring-data/redisson-spring-data-22/src/main/java/org/redisson/spring/data/connection/RedissonConnection.java","accept(List<?>, Throwable)","accept(BatchResult<?>, Throwable)"
"0dbe2d5db48ab23b531918052661ea2dd3abc28c","redisson/src/main/java/org/redisson/cache/LocalCacheListener.java","add(Cache<?,?>)","add(Map<?,?>)"
"2bd463f4894366c9ea8b5917ba789e9bae9f24fb","redisson/src/main/java/org/redisson/RedissonPriorityQueue.java","pollAsync(RedisCommand<T>, Object)","pollAsync(int)"
"56f46a0d7ab9b7cefcd360f2ae96fc1b91088eb1","redisson/src/main/java/org/redisson/RedissonBinaryStream.java","write(byte[], RPromise<Void>, int, int)","write(ByteBuffer)"
"573199128d79531ba5edc54edbb074e183554c4a","redisson-spring-data/redisson-spring-data-20/src/main/java/org/redisson/spring/data/connection/RedissonReactiveZSetCommands.java","toLowerBound(Range, Object)","toLowerBound(Range)"
"573199128d79531ba5edc54edbb074e183554c4a","redisson-spring-data/redisson-spring-data-20/src/main/java/org/redisson/spring/data/connection/RedissonReactiveZSetCommands.java","toUpperBound(Range, Object)","toUpperBound(Range)"
"573199128d79531ba5edc54edbb074e183554c4a","redisson-spring-data/redisson-spring-data-21/src/main/java/org/redisson/spring/data/connection/RedissonReactiveZSetCommands.java","toLowerBound(Range, Object)","toLowerBound(Range)"
"573199128d79531ba5edc54edbb074e183554c4a","redisson-spring-data/redisson-spring-data-21/src/main/java/org/redisson/spring/data/connection/RedissonReactiveZSetCommands.java","toUpperBound(Range, Object)","toUpperBound(Range)"
"573199128d79531ba5edc54edbb074e183554c4a","redisson-spring-data/redisson-spring-data-22/src/main/java/org/redisson/spring/data/connection/RedissonReactiveZSetCommands.java","toLowerBound(Range, Object)","toLowerBound(Range)"
"573199128d79531ba5edc54edbb074e183554c4a","redisson-spring-data/redisson-spring-data-22/src/main/java/org/redisson/spring/data/connection/RedissonReactiveZSetCommands.java","toUpperBound(Range, Object)","toUpperBound(Range)"
"77f680cf1611ae222945b3f612cdb5fe9195453b","redisson/src/main/java/org/redisson/connection/SentinelConnectionManager.java","addSlave(String, String, String)","addSlave(RedisURI)"
"77f680cf1611ae222945b3f612cdb5fe9195453b","redisson/src/main/java/org/redisson/connection/SentinelConnectionManager.java","slaveDown(String, String)","slaveDown(RedisURI)"
"77f680cf1611ae222945b3f612cdb5fe9195453b","redisson/src/main/java/org/redisson/connection/SentinelConnectionManager.java","isUseSameMaster(String, String, String, String)","isUseSameMaster(RedisURI, String, String)"
"77f680cf1611ae222945b3f612cdb5fe9195453b","redisson/src/main/java/org/redisson/connection/SentinelConnectionManager.java","slaveUp(String, String)","slaveUp(RedisURI)"
"603552df559d7199524ce65d6db4cd2000c85c76","redisson/src/main/java/org/redisson/connection/SentinelConnectionManager.java","applyNatMap(String, int)","applyNatMap(RedisURI)"
"999bbcc6689b3d0449c37512c05556c45353d90d","redisson/src/main/java/org/redisson/connection/SentinelConnectionManager.java","createAddress(String, Object)","createAddress(String, String)"
"ec153b891c9a4a72c9736742ab47444d8f500522","redisson/src/main/java/org/redisson/RedissonRemoteService.java","invokeMethod(Class<T>, RBlockingQueue<String>, RemoteServiceRequest, RemoteServiceMethod, String, ExecutorService, RFuture<RemoteServiceCancelRequest>, RPromise<RRemoteServiceResponse>)","invokeMethod(RemoteServiceRequest, RemoteServiceMethod, RFuture<RemoteServiceCancelRequest>, RPromise<RRemoteServiceResponse>)"
"00e8921cba52df1c987073bcb43ee9f5e6d082cc","redisson/src/main/java/org/redisson/RedissonPriorityQueue.java","setIndex(Integer)","setIndex(int)"
"5264cd16f35f977c1ba1c796176267808f41906f","redisson/src/main/java/org/redisson/RedissonRemoteService.java","invokeMethod(Class<T>, RBlockingQueue<String>, RemoteServiceRequest, RemoteServiceMethod, String, ExecutorService, RFuture<RemoteServiceCancelRequest>, AtomicReference<RRemoteServiceResponse>)","invokeMethod(Class<T>, RBlockingQueue<String>, RemoteServiceRequest, RemoteServiceMethod, String, ExecutorService, RFuture<RemoteServiceCancelRequest>, RPromise<RRemoteServiceResponse>)"
"0b941a1b7c2a4b5e6319399737655aa1a2d0def8","redisson/src/main/java/org/redisson/RedissonLiveObjectService.java","getResolver(Class<?>, Class<? extends RIdResolver<?>>, Annotation)","getResolver(Class<?>, Class<? extends RIdResolver<?>>)"
"0b941a1b7c2a4b5e6319399737655aa1a2d0def8","redisson/src/main/java/org/redisson/liveobject/resolver/LongGenerator.java","resolve(Class<?>, RId, String, RedissonClient)","resolve(Class<?>, RId, String, CommandAsyncExecutor)"
"0b941a1b7c2a4b5e6319399737655aa1a2d0def8","redisson/src/main/java/org/redisson/liveobject/resolver/RIdResolver.java","resolve(Class<?>, RId, String, RedissonClient)","resolve(Class<?>, RId, String, CommandAsyncExecutor)"
"0b941a1b7c2a4b5e6319399737655aa1a2d0def8","redisson/src/main/java/org/redisson/liveobject/resolver/RequiredIdResolver.java","resolve(Class<?>, RId, String, RedissonClient)","resolve(Class<?>, RId, String, CommandAsyncExecutor)"
"0b941a1b7c2a4b5e6319399737655aa1a2d0def8","redisson/src/main/java/org/redisson/liveobject/resolver/UUIDGenerator.java","resolve(Class<?>, RId, String, RedissonClient)","resolve(Class<?>, RId, String, CommandAsyncExecutor)"
"a7cb1a48c2253796825e12607174cf6e451d4ebc","redisson/src/main/java/org/redisson/command/RedisExecutor.java","checkAttemptPromise(RPromise<R>, AtomicBoolean, RFuture<RedisConnection>)","checkAttemptPromise(RPromise<R>, RFuture<RedisConnection>)"
"c72cdb9e9ba0452f04b64e74dfc1e0c241463a05","redisson/src/main/java/org/redisson/command/CommandAsyncService.java","async(boolean, NodeSource, Codec, RedisCommand<V>, Object[], RPromise<R>, int, boolean)","async(boolean, NodeSource, Codec, RedisCommand<V>, Object[], RPromise<R>, boolean)"
"c72cdb9e9ba0452f04b64e74dfc1e0c241463a05","redisson/src/main/java/org/redisson/command/CommandBatchService.java","async(boolean, NodeSource, Codec, RedisCommand<V>, Object[], RPromise<R>, int, boolean)","async(boolean, NodeSource, Codec, RedisCommand<V>, Object[], RPromise<R>, boolean)"
"c72cdb9e9ba0452f04b64e74dfc1e0c241463a05","redisson/src/main/java/org/redisson/command/CommandBatchService.java","execute(Entry, NodeSource, RPromise<Void>, AtomicInteger, int, BatchOptions)","execute(Entry, NodeSource, RPromise<Void>, AtomicInteger, BatchOptions)"
"1a6ef7b9f9f9dd6257a540600c7d8bf7b50ba572","redisson/src/main/java/org/redisson/command/CommandBatchService.java","isWaitCommand(BatchCommandData<?,?>)","isWaitCommand(CommandData<?,?>)"
"d7e186eb1298c8af238e65e09a66fb846a143fda","redisson/src/main/java/org/redisson/liveobject/core/RedissonObjectBuilder.java","createObject(Object, Class<?>, Class<?>, String, RedissonClient)","createObject(Object, Class<?>, Class<?>, String)"
"a5511ed142003fd818fee90b6391b9c42c70730e","redisson/src/main/java/org/redisson/client/RedisClientConfig.java","setSslTruststore(URI)","setSslTruststore(URL)"
"a5511ed142003fd818fee90b6391b9c42c70730e","redisson/src/main/java/org/redisson/client/RedisClientConfig.java","setSslKeystore(URI)","setSslKeystore(URL)"
"a5511ed142003fd818fee90b6391b9c42c70730e","redisson/src/main/java/org/redisson/config/BaseConfig.java","setSslTruststore(URI)","setSslTruststore(URL)"
"a5511ed142003fd818fee90b6391b9c42c70730e","redisson/src/main/java/org/redisson/config/BaseConfig.java","setSslKeystore(URI)","setSslKeystore(URL)"
"0ce487f08d68fe4cde21355a9394d1967bc38d32","redisson/src/main/java/org/redisson/client/RedisClientConfig.java","setAddress(InetSocketAddress, URI)","setAddress(InetSocketAddress, RedisURI)"
"0ce487f08d68fe4cde21355a9394d1967bc38d32","redisson/src/main/java/org/redisson/client/RedisClientConfig.java","setAddress(URI)","setAddress(RedisURI)"
"0ce487f08d68fe4cde21355a9394d1967bc38d32","redisson/src/main/java/org/redisson/cluster/ClusterConnectionManager.java","createRedisConfig(NodeType, URI, int, int, String)","createRedisConfig(NodeType, RedisURI, int, int, String)"
"0ce487f08d68fe4cde21355a9394d1967bc38d32","redisson/src/main/java/org/redisson/cluster/ClusterConnectionManager.java","scheduleClusterChangeCheck(ClusterServersConfig, Iterator<URI>)","scheduleClusterChangeCheck(ClusterServersConfig, Iterator<RedisURI>)"
"0ce487f08d68fe4cde21355a9394d1967bc38d32","redisson/src/main/java/org/redisson/cluster/ClusterConnectionManager.java","checkClusterState(ClusterServersConfig, Iterator<URI>, AtomicReference<Throwable>)","checkClusterState(ClusterServersConfig, Iterator<RedisURI>, AtomicReference<Throwable>)"
"0ce487f08d68fe4cde21355a9394d1967bc38d32","redisson/src/main/java/org/redisson/cluster/ClusterConnectionManager.java","updateClusterState(ClusterServersConfig, RedisConnection, Iterator<URI>, URI, AtomicReference<Throwable>)","updateClusterState(ClusterServersConfig, RedisConnection, Iterator<RedisURI>, RedisURI, AtomicReference<Throwable>)"
"0ce487f08d68fe4cde21355a9394d1967bc38d32","redisson/src/main/java/org/redisson/cluster/ClusterConnectionManager.java","upDownSlaves(MasterSlaveEntry, ClusterPartition, ClusterPartition, Set<URI>)","upDownSlaves(MasterSlaveEntry, ClusterPartition, ClusterPartition, Set<RedisURI>)"
"0ce487f08d68fe4cde21355a9394d1967bc38d32","redisson/src/main/java/org/redisson/cluster/ClusterConnectionManager.java","applyNatMap(URI)","applyNatMap(RedisURI)"
"0ce487f08d68fe4cde21355a9394d1967bc38d32","redisson/src/main/java/org/redisson/cluster/ClusterPartition.java","setMasterAddress(URI)","setMasterAddress(RedisURI)"
"0ce487f08d68fe4cde21355a9394d1967bc38d32","redisson/src/main/java/org/redisson/cluster/ClusterPartition.java","addFailedSlaveAddress(URI)","addFailedSlaveAddress(RedisURI)"
"0ce487f08d68fe4cde21355a9394d1967bc38d32","redisson/src/main/java/org/redisson/cluster/ClusterPartition.java","removeFailedSlaveAddress(URI)","removeFailedSlaveAddress(RedisURI)"
"0ce487f08d68fe4cde21355a9394d1967bc38d32","redisson/src/main/java/org/redisson/cluster/ClusterPartition.java","addSlaveAddress(URI)","addSlaveAddress(RedisURI)"
"0ce487f08d68fe4cde21355a9394d1967bc38d32","redisson/src/main/java/org/redisson/cluster/ClusterPartition.java","removeSlaveAddress(URI)","removeSlaveAddress(RedisURI)"
"0ce487f08d68fe4cde21355a9394d1967bc38d32","redisson/src/main/java/org/redisson/config/ClusterServersConfig.java","setNodeAddresses(List<URI>)","setNodeAddresses(List<String>)"
"0ce487f08d68fe4cde21355a9394d1967bc38d32","redisson/src/main/java/org/redisson/config/MasterSlaveServersConfig.java","addSlaveAddress(URI)","addSlaveAddress(String)"
"0ce487f08d68fe4cde21355a9394d1967bc38d32","redisson/src/main/java/org/redisson/config/MasterSlaveServersConfig.java","setSlaveAddresses(Set<URI>)","setSlaveAddresses(Set<String>)"
"0ce487f08d68fe4cde21355a9394d1967bc38d32","redisson/src/main/java/org/redisson/config/ReplicatedServersConfig.java","setNodeAddresses(List<URI>)","setNodeAddresses(List<String>)"
"0ce487f08d68fe4cde21355a9394d1967bc38d32","redisson/src/main/java/org/redisson/config/SentinelServersConfig.java","setSentinelAddresses(List<URI>)","setSentinelAddresses(List<String>)"
"0ce487f08d68fe4cde21355a9394d1967bc38d32","redisson/src/main/java/org/redisson/connection/ConnectionManager.java","applyNatMap(URI)","applyNatMap(RedisURI)"
"0ce487f08d68fe4cde21355a9394d1967bc38d32","redisson/src/main/java/org/redisson/connection/ConnectionManager.java","createClient(NodeType, URI, int, int, String)","createClient(NodeType, RedisURI, int, int, String)"
"0ce487f08d68fe4cde21355a9394d1967bc38d32","redisson/src/main/java/org/redisson/connection/ConnectionManager.java","createClient(NodeType, InetSocketAddress, URI, String)","createClient(NodeType, InetSocketAddress, RedisURI, String)"
"0ce487f08d68fe4cde21355a9394d1967bc38d32","redisson/src/main/java/org/redisson/connection/ConnectionManager.java","createClient(NodeType, URI, String)","createClient(NodeType, RedisURI, String)"
"0ce487f08d68fe4cde21355a9394d1967bc38d32","redisson/src/main/java/org/redisson/connection/MasterSlaveConnectionManager.java","connectToNode(BaseMasterSlaveServersConfig<?>, URI, RedisClient, String)","connectToNode(BaseMasterSlaveServersConfig<?>, RedisURI, RedisClient, String)"
"0ce487f08d68fe4cde21355a9394d1967bc38d32","redisson/src/main/java/org/redisson/connection/MasterSlaveConnectionManager.java","createClient(NodeType, URI, String)","createClient(NodeType, RedisURI, String)"
"0ce487f08d68fe4cde21355a9394d1967bc38d32","redisson/src/main/java/org/redisson/connection/MasterSlaveConnectionManager.java","createClient(NodeType, InetSocketAddress, URI, String)","createClient(NodeType, InetSocketAddress, RedisURI, String)"
"0ce487f08d68fe4cde21355a9394d1967bc38d32","redisson/src/main/java/org/redisson/connection/MasterSlaveConnectionManager.java","createClient(NodeType, URI, int, int, String)","createClient(NodeType, RedisURI, int, int, String)"
"0ce487f08d68fe4cde21355a9394d1967bc38d32","redisson/src/main/java/org/redisson/connection/MasterSlaveConnectionManager.java","createClient(NodeType, InetSocketAddress, URI, int, int, String)","createClient(NodeType, InetSocketAddress, RedisURI, int, int, String)"
"0ce487f08d68fe4cde21355a9394d1967bc38d32","redisson/src/main/java/org/redisson/connection/MasterSlaveConnectionManager.java","createRedisConfig(NodeType, URI, int, int, String)","createRedisConfig(NodeType, RedisURI, int, int, String)"
"0ce487f08d68fe4cde21355a9394d1967bc38d32","redisson/src/main/java/org/redisson/connection/MasterSlaveConnectionManager.java","getEntry(URI)","getEntry(RedisURI)"
"0ce487f08d68fe4cde21355a9394d1967bc38d32","redisson/src/main/java/org/redisson/connection/MasterSlaveConnectionManager.java","changeMaster(int, URI)","changeMaster(int, RedisURI)"
"0ce487f08d68fe4cde21355a9394d1967bc38d32","redisson/src/main/java/org/redisson/connection/MasterSlaveConnectionManager.java","applyNatMap(URI)","applyNatMap(RedisURI)"
"0ce487f08d68fe4cde21355a9394d1967bc38d32","redisson/src/main/java/org/redisson/connection/MasterSlaveEntry.java","initSlaveBalancer(Collection<URI>)","initSlaveBalancer(Collection<RedisURI>)"
"0ce487f08d68fe4cde21355a9394d1967bc38d32","redisson/src/main/java/org/redisson/connection/MasterSlaveEntry.java","setupMasterEntry(InetSocketAddress, URI)","setupMasterEntry(InetSocketAddress, RedisURI)"
"0ce487f08d68fe4cde21355a9394d1967bc38d32","redisson/src/main/java/org/redisson/connection/MasterSlaveEntry.java","setupMasterEntry(URI)","setupMasterEntry(RedisURI)"
"0ce487f08d68fe4cde21355a9394d1967bc38d32","redisson/src/main/java/org/redisson/connection/MasterSlaveEntry.java","slaveDown(URI, FreezeReason)","slaveDown(RedisURI, FreezeReason)"
"0ce487f08d68fe4cde21355a9394d1967bc38d32","redisson/src/main/java/org/redisson/connection/MasterSlaveEntry.java","hasSlave(URI)","hasSlave(RedisURI)"
"0ce487f08d68fe4cde21355a9394d1967bc38d32","redisson/src/main/java/org/redisson/connection/MasterSlaveEntry.java","addSlave(URI)","addSlave(RedisURI)"
"0ce487f08d68fe4cde21355a9394d1967bc38d32","redisson/src/main/java/org/redisson/connection/MasterSlaveEntry.java","addSlave(InetSocketAddress, URI)","addSlave(InetSocketAddress, RedisURI)"
"0ce487f08d68fe4cde21355a9394d1967bc38d32","redisson/src/main/java/org/redisson/connection/MasterSlaveEntry.java","addSlave(InetSocketAddress, URI, boolean, NodeType)","addSlave(InetSocketAddress, RedisURI, boolean, NodeType)"
"0ce487f08d68fe4cde21355a9394d1967bc38d32","redisson/src/main/java/org/redisson/connection/MasterSlaveEntry.java","addSlave(URI, boolean, NodeType)","addSlave(RedisURI, boolean, NodeType)"
"0ce487f08d68fe4cde21355a9394d1967bc38d32","redisson/src/main/java/org/redisson/connection/MasterSlaveEntry.java","isSlaveUnfreezed(URI)","isSlaveUnfreezed(RedisURI)"
"0ce487f08d68fe4cde21355a9394d1967bc38d32","redisson/src/main/java/org/redisson/connection/MasterSlaveEntry.java","slaveUp(URI, FreezeReason)","slaveUp(RedisURI, FreezeReason)"
"0ce487f08d68fe4cde21355a9394d1967bc38d32","redisson/src/main/java/org/redisson/connection/MasterSlaveEntry.java","changeMaster(URI)","changeMaster(RedisURI)"
"0ce487f08d68fe4cde21355a9394d1967bc38d32","redisson/src/main/java/org/redisson/connection/MasterSlaveEntry.java","changeMaster(InetSocketAddress, URI)","changeMaster(InetSocketAddress, RedisURI)"
"0ce487f08d68fe4cde21355a9394d1967bc38d32","redisson/src/main/java/org/redisson/connection/MasterSlaveEntry.java","changeMaster(URI, ClientConnectionsEntry, RFuture<RedisClient>)","changeMaster(RedisURI, ClientConnectionsEntry, RFuture<RedisClient>)"
"0ce487f08d68fe4cde21355a9394d1967bc38d32","redisson/src/main/java/org/redisson/connection/MasterSlaveEntry.java","redirectedConnectionWriteOp(RedisCommand<?>, URI)","redirectedConnectionWriteOp(RedisCommand<?>, RedisURI)"
"0ce487f08d68fe4cde21355a9394d1967bc38d32","redisson/src/main/java/org/redisson/connection/MasterSlaveEntry.java","connectionReadOp(RedisCommand<?>, URI)","connectionReadOp(RedisCommand<?>, RedisURI)"
"0ce487f08d68fe4cde21355a9394d1967bc38d32","redisson/src/main/java/org/redisson/connection/ReplicatedConnectionManager.java","slaveUp(URI)","slaveUp(RedisURI)"
"0ce487f08d68fe4cde21355a9394d1967bc38d32","redisson/src/main/java/org/redisson/connection/SentinelConnectionManager.java","createRedisConfig(NodeType, URI, int, int, String)","createRedisConfig(NodeType, RedisURI, int, int, String)"
"0ce487f08d68fe4cde21355a9394d1967bc38d32","redisson/src/main/java/org/redisson/connection/SentinelConnectionManager.java","updateSentinels(Set<URI>)","updateSentinels(Set<RedisURI>)"
"0ce487f08d68fe4cde21355a9394d1967bc38d32","redisson/src/main/java/org/redisson/connection/SentinelConnectionManager.java","registerSentinel(URI, MasterSlaveServersConfig)","registerSentinel(RedisURI, MasterSlaveServersConfig)"
"0ce487f08d68fe4cde21355a9394d1967bc38d32","redisson/src/main/java/org/redisson/connection/SingleEntry.java","connectionReadOp(RedisCommand<?>, URI)","connectionReadOp(RedisCommand<?>, RedisURI)"
"0ce487f08d68fe4cde21355a9394d1967bc38d32","redisson/src/main/java/org/redisson/connection/balancer/LoadBalancerManager.java","unfreeze(URI, FreezeReason)","unfreeze(RedisURI, FreezeReason)"
"0ce487f08d68fe4cde21355a9394d1967bc38d32","redisson/src/main/java/org/redisson/connection/balancer/LoadBalancerManager.java","freeze(URI, FreezeReason)","freeze(RedisURI, FreezeReason)"
"0ce487f08d68fe4cde21355a9394d1967bc38d32","redisson/src/main/java/org/redisson/connection/balancer/LoadBalancerManager.java","isUnfreezed(URI)","isUnfreezed(RedisURI)"
"0ce487f08d68fe4cde21355a9394d1967bc38d32","redisson/src/main/java/org/redisson/connection/balancer/LoadBalancerManager.java","contains(URI)","contains(RedisURI)"
"0ce487f08d68fe4cde21355a9394d1967bc38d32","redisson/src/main/java/org/redisson/connection/balancer/LoadBalancerManager.java","getEntry(URI)","getEntry(RedisURI)"
"0ce487f08d68fe4cde21355a9394d1967bc38d32","redisson/src/main/java/org/redisson/connection/balancer/LoadBalancerManager.java","getConnection(RedisCommand<?>, URI)","getConnection(RedisCommand<?>, RedisURI)"
"b777fed79e60b91c6b1621bf60a8f463ba142e8b","redisson/src/main/java/org/redisson/cluster/ClusterPartition.java","addSlots(Set<Integer>)","addSlots(BitSet)"
"b777fed79e60b91c6b1621bf60a8f463ba142e8b","redisson/src/main/java/org/redisson/cluster/ClusterPartition.java","removeSlots(Set<Integer>)","removeSlots(BitSet)"
"d5a7a4ce848f5ad14dcb03fa1932ee1a4fdcb410","redisson/src/main/java/org/redisson/reactive/CommandReactiveBatchService.java","reactive(Supplier<RFuture<R>>)","reactive(Callable<RFuture<R>>)"
"f97448e7d6ae1c2aa78d21b2fd7645195bef203e","redisson/src/main/java/org/redisson/RedissonMap.java","mapWriterFuture(RFuture<M>, MapWriterTask<M>)","mapWriterFuture(RFuture<M>, MapWriterTask)"
"f97448e7d6ae1c2aa78d21b2fd7645195bef203e","redisson/src/main/java/org/redisson/api/map/MapWriter.java","write(K, V)","write(Map<K,V>)"
"f97448e7d6ae1c2aa78d21b2fd7645195bef203e","redisson/src/main/java/org/redisson/api/map/MapWriter.java","delete(K)","delete(Collection<K>)"
"f97448e7d6ae1c2aa78d21b2fd7645195bef203e","redisson/src/test/java/org/redisson/BaseMapTest.java","write(K, V)","write(Map<K,V>)"
"f97448e7d6ae1c2aa78d21b2fd7645195bef203e","redisson/src/test/java/org/redisson/BaseMapTest.java","delete(K)","delete(Collection<K>)"
"32720d09dc76a713c093b488397051276d4ba74d","redisson/src/main/java/org/redisson/api/RTopicReactive.java","removeListener(int)","removeListener(Integer)"
"32720d09dc76a713c093b488397051276d4ba74d","redisson/src/main/java/org/redisson/api/RTopicRx.java","removeListener(int)","removeListener(Integer)"
"f0c78121eb41121cc6acb722efacb49549dc3eca","redisson/src/test/java/org/redisson/rx/BaseRxTest.java","toIterator(Publisher<V>)","toIterator(Flowable<V>)"
"f0c78121eb41121cc6acb722efacb49549dc3eca","redisson/src/test/java/org/redisson/rx/BaseRxTest.java","sync(Flowable<V>)","sync(Maybe<V>)"
"34d104645f20ec06a26d7a525f45c10a948599fb","redisson/src/main/java/org/redisson/pubsub/PublishSubscribe.java","unsubscribe(E, String, String, PublishSubscribeService)","unsubscribe(E, String, String)"
"34d104645f20ec06a26d7a525f45c10a948599fb","redisson/src/main/java/org/redisson/pubsub/PublishSubscribe.java","subscribe(String, String, PublishSubscribeService)","subscribe(String, String)"
"ee51283731cc61e761371092350ea758b396b1ec","redisson-tomcat/redisson-tomcat-6/src/main/java/org/redisson/tomcat/AttributeMessage.java","toObject(ClassLoader, byte[])","toObject(Decoder<?>, byte[])"
"ee51283731cc61e761371092350ea758b396b1ec","redisson-tomcat/redisson-tomcat-6/src/main/java/org/redisson/tomcat/AttributeUpdateMessage.java","getValue(ClassLoader)","getValue(Decoder<?>)"
"ee51283731cc61e761371092350ea758b396b1ec","redisson-tomcat/redisson-tomcat-6/src/main/java/org/redisson/tomcat/AttributesPutAllMessage.java","getAttrs(ClassLoader)","getAttrs(Decoder<?>)"
"ee51283731cc61e761371092350ea758b396b1ec","redisson-tomcat/redisson-tomcat-7/src/main/java/org/redisson/tomcat/AttributeMessage.java","toObject(ClassLoader, byte[])","toObject(Decoder<?>, byte[])"
"ee51283731cc61e761371092350ea758b396b1ec","redisson-tomcat/redisson-tomcat-7/src/main/java/org/redisson/tomcat/AttributeUpdateMessage.java","getValue(ClassLoader)","getValue(Decoder<?>)"
"ee51283731cc61e761371092350ea758b396b1ec","redisson-tomcat/redisson-tomcat-7/src/main/java/org/redisson/tomcat/AttributesPutAllMessage.java","getAttrs(ClassLoader)","getAttrs(Decoder<?>)"
"ee51283731cc61e761371092350ea758b396b1ec","redisson-tomcat/redisson-tomcat-8/src/main/java/org/redisson/tomcat/AttributeMessage.java","toObject(ClassLoader, byte[])","toObject(Decoder<?>, byte[])"
"ee51283731cc61e761371092350ea758b396b1ec","redisson-tomcat/redisson-tomcat-8/src/main/java/org/redisson/tomcat/AttributeUpdateMessage.java","getValue(ClassLoader)","getValue(Decoder<?>)"
"ee51283731cc61e761371092350ea758b396b1ec","redisson-tomcat/redisson-tomcat-8/src/main/java/org/redisson/tomcat/AttributesPutAllMessage.java","getAttrs(ClassLoader)","getAttrs(Decoder<?>)"
"ee51283731cc61e761371092350ea758b396b1ec","redisson-tomcat/redisson-tomcat-9/src/main/java/org/redisson/tomcat/AttributeMessage.java","toObject(ClassLoader, byte[])","toObject(Decoder<?>, byte[])"
"ee51283731cc61e761371092350ea758b396b1ec","redisson-tomcat/redisson-tomcat-9/src/main/java/org/redisson/tomcat/AttributeUpdateMessage.java","getValue(ClassLoader)","getValue(Decoder<?>)"
"ee51283731cc61e761371092350ea758b396b1ec","redisson-tomcat/redisson-tomcat-9/src/main/java/org/redisson/tomcat/AttributesPutAllMessage.java","getAttrs(ClassLoader)","getAttrs(Decoder<?>)"
"e58405e2c20a0a1aa4f281a9419f9c97f9a7ecaf","redisson/src/main/java/org/redisson/RedissonMultiLock.java","tryAcquireLockAsync(ListIterator<RLock>, List<RLock>, RPromise<Boolean>, long, long, long, long, AtomicLong, AtomicLong, AtomicInteger, TimeUnit, long)","tryAcquireLockAsync(ListIterator<RLock>, RPromise<Boolean>)"
"e58405e2c20a0a1aa4f281a9419f9c97f9a7ecaf","redisson/src/main/java/org/redisson/RedissonMultiLock.java","checkLeaseTimeAsync(List<RLock>, RPromise<Boolean>, long, TimeUnit)","checkLeaseTimeAsync(RPromise<Boolean>)"
"e58405e2c20a0a1aa4f281a9419f9c97f9a7ecaf","redisson/src/main/java/org/redisson/RedissonMultiLock.java","checkRemainTimeAsync(ListIterator<RLock>, List<RLock>, RPromise<Boolean>, long, long, long, long, AtomicLong, AtomicLong, AtomicInteger, TimeUnit, long)","checkRemainTimeAsync(ListIterator<RLock>, RPromise<Boolean>)"
"41f503d3f824be35a4d40e6dccd8bdca0d5fc218","redisson/src/main/java/org/redisson/liveobject/resolver/LongGenerator.java","resolve(Class, RId, String, RedissonClient)","resolve(Class<?>, RId, String, RedissonClient)"
"41f503d3f824be35a4d40e6dccd8bdca0d5fc218","redisson/src/main/java/org/redisson/liveobject/resolver/RIdResolver.java","resolve(Class<?>, A, String, RedissonClient)","resolve(Class<?>, RId, String, RedissonClient)"
"41f503d3f824be35a4d40e6dccd8bdca0d5fc218","redisson/src/main/java/org/redisson/liveobject/resolver/RequiredIdResolver.java","resolve(Class, RId, String, RedissonClient)","resolve(Class<?>, RId, String, RedissonClient)"
"c5a0a1985b63f74bb364245aa8d3c0b3798d7967","redisson/src/test/java/org/redisson/config/ConfigSupportTest.java","mkConfig(String, Map<String,String>)","mkConfig(String)"
"2c98073532e2e9aadd17b3fa431ed54c015a9dd0","redisson/src/main/java/org/redisson/client/handler/CommandDecoder.java","decode(ByteBuf, State)","decode(ChannelHandlerContext, ByteBuf, QueueCommand)"
"25a7239e4247fb0acb2bfa7c28cc71dde788c975","redisson/src/main/java/org/redisson/spring/support/RedissonNamespaceParserSupport.java","addConstructorArgs(Element, String, Class, BeanDefinition)","addConstructorArgs(Element, String, Class<?>, BeanDefinition)"
"25a7239e4247fb0acb2bfa7c28cc71dde788c975","redisson/src/main/java/org/redisson/spring/support/RedissonNamespaceParserSupport.java","addConstructorArgs(Object, Class, BeanDefinition)","addConstructorArgs(Object, Class<?>, BeanDefinition)"
"25a7239e4247fb0acb2bfa7c28cc71dde788c975","redisson/src/main/java/org/redisson/spring/support/RedissonNamespaceParserSupport.java","addConstructorArgs(Element, String, Class, BeanDefinitionBuilder)","addConstructorArgs(Element, String, Class<?>, BeanDefinitionBuilder)"
"25a7239e4247fb0acb2bfa7c28cc71dde788c975","redisson/src/main/java/org/redisson/spring/support/RedissonNamespaceParserSupport.java","addConstructorArgs(Object, Class, BeanDefinitionBuilder)","addConstructorArgs(Object, Class<?>, BeanDefinitionBuilder)"
"73babb4f27eb95e35012f1d9800ac834566c976c","redisson/src/main/java/org/redisson/MapWriterTask.java","condition(Future<R>)","condition(R)"
"73babb4f27eb95e35012f1d9800ac834566c976c","redisson/src/main/java/org/redisson/RedissonMap.java","condition(Future<V>)","condition(V)"
"73babb4f27eb95e35012f1d9800ac834566c976c","redisson/src/main/java/org/redisson/RedissonMap.java","condition(Future<Boolean>)","condition(Boolean)"
"73babb4f27eb95e35012f1d9800ac834566c976c","redisson/src/main/java/org/redisson/RedissonMap.java","condition(Future<Boolean>)","condition(Boolean)"
"73babb4f27eb95e35012f1d9800ac834566c976c","redisson/src/main/java/org/redisson/RedissonMap.java","condition(Future<Boolean>)","condition(Boolean)"
"73babb4f27eb95e35012f1d9800ac834566c976c","redisson/src/main/java/org/redisson/RedissonMap.java","condition(Future<V>)","condition(V)"
"73babb4f27eb95e35012f1d9800ac834566c976c","redisson/src/main/java/org/redisson/RedissonMap.java","condition(Future<Boolean>)","condition(Boolean)"
"73babb4f27eb95e35012f1d9800ac834566c976c","redisson/src/main/java/org/redisson/RedissonMapCache.java","condition(Future<V>)","condition(V)"
"73babb4f27eb95e35012f1d9800ac834566c976c","redisson/src/main/java/org/redisson/RedissonMapCache.java","condition(Future<Boolean>)","condition(Boolean)"
"73babb4f27eb95e35012f1d9800ac834566c976c","redisson/src/main/java/org/redisson/command/AsyncDetails.java","setupMainPromiseListener(FutureListener<R>)","setupMainPromiseListener(BiConsumer<R,Throwable>)"
"73babb4f27eb95e35012f1d9800ac834566c976c","redisson/src/main/java/org/redisson/command/CommandAsyncService.java","checkAttemptFuture(NodeSource, AsyncDetails<V,R>, Future<R>, boolean)","checkAttemptFuture(NodeSource, AsyncDetails<V,R>, RFuture<R>, boolean)"
"73babb4f27eb95e35012f1d9800ac834566c976c","redisson/src/main/java/org/redisson/command/CommandBatchService.java","handle(RPromise<Void>, AtomicInteger, Future<?>)","handle(RPromise<Void>, AtomicInteger, RFuture<?>)"
"73babb4f27eb95e35012f1d9800ac834566c976c","redisson/src/main/java/org/redisson/connection/pool/ConnectionPool.java","ping(RedisConnection, FutureListener<String>)","ping(RedisConnection, BiConsumer<String,Throwable>)"
"73babb4f27eb95e35012f1d9800ac834566c976c","redisson/src/main/java/org/redisson/rx/ElementsStream.java","takeElements(Callable<RFuture<V>>)","takeElements(Supplier<RFuture<V>>)"
"73babb4f27eb95e35012f1d9800ac834566c976c","redisson/src/main/java/org/redisson/rx/ElementsStream.java","take(Callable<RFuture<V>>, ReplayProcessor<V>, AtomicLong, AtomicReference<RFuture<V>>)","take(Supplier<RFuture<V>>, ReplayProcessor<V>, AtomicLong, AtomicReference<RFuture<V>>)"
"4becc21c2270c2509a4af66fb3891a9c83708f6c","redisson/src/main/java/org/redisson/client/handler/CommandDecoder.java","sendNext(ChannelHandlerContext, QueueCommand)","sendNext(Channel, QueueCommand)"
"4becc21c2270c2509a4af66fb3891a9c83708f6c","redisson/src/main/java/org/redisson/client/handler/CommandDecoder.java","decodeCommand(ChannelHandlerContext, ByteBuf, QueueCommand)","decodeCommand(Channel, ByteBuf, QueueCommand)"
"4becc21c2270c2509a4af66fb3891a9c83708f6c","redisson/src/main/java/org/redisson/client/handler/CommandDecoder.java","sendNext(ChannelHandlerContext)","sendNext(Channel)"
"4becc21c2270c2509a4af66fb3891a9c83708f6c","redisson/src/main/java/org/redisson/client/handler/CommandDecoder.java","decodeCommandBatch(ChannelHandlerContext, ByteBuf, QueueCommand, CommandsData)","decodeCommandBatch(Channel, ByteBuf, QueueCommand, CommandsData)"
"4becc21c2270c2509a4af66fb3891a9c83708f6c","redisson/src/main/java/org/redisson/client/handler/CommandDecoder.java","decode(ByteBuf, CommandData<Object,Object>, List<Object>, ChannelHandlerContext, boolean)","decode(ByteBuf, State)"
"4becc21c2270c2509a4af66fb3891a9c83708f6c","redisson/src/main/java/org/redisson/client/handler/CommandDecoder.java","decodeList(ByteBuf, CommandData<Object,Object>, List<Object>, ChannelHandlerContext, long, List<Object>, boolean)","decodeList(ByteBuf, CommandData<Object,Object>, List<Object>, Channel, long, List<Object>, boolean, List<CommandData<?,?>>)"
"4becc21c2270c2509a4af66fb3891a9c83708f6c","redisson/src/main/java/org/redisson/client/handler/CommandDecoder.java","decodeResult(CommandData<Object,Object>, List<Object>, ChannelHandlerContext, Object)","decodeResult(CommandData<Object,Object>, List<Object>, Channel, Object)"
"4becc21c2270c2509a4af66fb3891a9c83708f6c","redisson/src/main/java/org/redisson/client/handler/CommandPubSubDecoder.java","decodeCommand(ChannelHandlerContext, ByteBuf, QueueCommand)","decodeCommand(Channel, ByteBuf, QueueCommand)"
"4becc21c2270c2509a4af66fb3891a9c83708f6c","redisson/src/main/java/org/redisson/client/handler/CommandPubSubDecoder.java","decodeResult(CommandData<Object,Object>, List<Object>, ChannelHandlerContext, Object)","decodeResult(CommandData<Object,Object>, List<Object>, Channel, Object)"
"53bd9dff68612574f7e9c9bbd50b387b1195caa6","redisson/src/main/java/org/redisson/RedissonTopic.java","removeListenerAsync(int)","removeListenerAsync(Integer)"
"53bd9dff68612574f7e9c9bbd50b387b1195caa6","redisson/src/main/java/org/redisson/RedissonTopic.java","removeListener(int)","removeListener(Integer)"
"53bd9dff68612574f7e9c9bbd50b387b1195caa6","redisson/src/main/java/org/redisson/api/RTopic.java","removeListener(int)","removeListener(Integer)"
"53bd9dff68612574f7e9c9bbd50b387b1195caa6","redisson/src/main/java/org/redisson/api/RTopicAsync.java","removeListenerAsync(int)","removeListenerAsync(Integer)"
"0dcefca39c2a3add9258536b987232f4aa40a272","redisson/src/main/java/org/redisson/executor/TasksRunnerService.java","executeRunnable(TaskParameters, Date)","executeRunnable(TaskParameters, boolean)"
"0dcefca39c2a3add9258536b987232f4aa40a272","redisson/src/main/java/org/redisson/executor/TasksRunnerService.java","finish(String, Date)","finish(String, boolean)"
"c89617ce47d128cf7187e6a79cc4461e7b602dd5","redisson/src/main/java/org/redisson/RedissonLiveObjectService.java","createLiveObject(Class<T>, K)","createLiveObject(Class<T>, Object)"
"c89617ce47d128cf7187e6a79cc4461e7b602dd5","redisson/src/main/java/org/redisson/RedissonLiveObjectService.java","get(Class<T>, K)","get(Class<T>, Object)"
"c89617ce47d128cf7187e6a79cc4461e7b602dd5","redisson/src/main/java/org/redisson/RedissonLiveObjectService.java","delete(Class<T>, K)","delete(Class<T>, Object)"
"c89617ce47d128cf7187e6a79cc4461e7b602dd5","redisson/src/main/java/org/redisson/RedissonLiveObjectService.java","instantiateLiveObject(Class<T>, K)","instantiateLiveObject(Class<T>, Object)"
"c89617ce47d128cf7187e6a79cc4461e7b602dd5","redisson/src/main/java/org/redisson/RedissonLiveObjectService.java","instantiate(Class<T>, K)","instantiate(Class<T>, Object)"
"13abe16511bedfdbce4ca36e1df931c3a230dbba","redisson/src/main/java/org/redisson/client/handler/CommandDecoder.java","decode(ByteBuf, CommandData<Object,Object>, List<Object>, Channel, boolean)","decode(ByteBuf, CommandData<Object,Object>, List<Object>, ChannelHandlerContext, boolean)"
"13abe16511bedfdbce4ca36e1df931c3a230dbba","redisson/src/main/java/org/redisson/client/handler/CommandDecoder.java","decodeList(ByteBuf, CommandData<Object,Object>, List<Object>, Channel, long, List<Object>, boolean)","decodeList(ByteBuf, CommandData<Object,Object>, List<Object>, ChannelHandlerContext, long, List<Object>, boolean)"
"13abe16511bedfdbce4ca36e1df931c3a230dbba","redisson/src/main/java/org/redisson/client/handler/CommandDecoder.java","decodeResult(CommandData<Object,Object>, List<Object>, Channel, Object)","decodeResult(CommandData<Object,Object>, List<Object>, ChannelHandlerContext, Object)"
"13abe16511bedfdbce4ca36e1df931c3a230dbba","redisson/src/main/java/org/redisson/client/handler/CommandPubSubDecoder.java","decodeResult(CommandData<Object,Object>, List<Object>, Channel, Object)","decodeResult(CommandData<Object,Object>, List<Object>, ChannelHandlerContext, Object)"
"1a08db75b72f8863f9e5dc2fa4e3de5780d521d7","redisson/src/main/java/org/redisson/command/CommandAsyncService.java","async(boolean, NodeSource, Codec, RedisCommand<V>, Object[], RPromise<R>, int, boolean, RFuture<RedisConnection>)","async(boolean, NodeSource, Codec, RedisCommand<V>, Object[], RPromise<R>, int, boolean)"
"1a08db75b72f8863f9e5dc2fa4e3de5780d521d7","redisson/src/main/java/org/redisson/command/CommandBatchService.java","async(boolean, NodeSource, Codec, RedisCommand<V>, Object[], RPromise<R>, int, boolean, RFuture<RedisConnection>)","async(boolean, NodeSource, Codec, RedisCommand<V>, Object[], RPromise<R>, int, boolean)"
"640e40e4453a855f165548e9a8d4227adad3d376","redisson/src/main/java/org/redisson/RedissonMapCache.java","getOptionsName(Object)","getOptionsName(String)"
"f5a7395269ca1fdeb69d51fe7cd8f4fdf3bca165","redisson/src/main/java/org/redisson/client/RedisClientConfig.java","setResolverGroup(DnsAddressResolverGroup)","setResolverGroup(AddressResolverGroup<InetSocketAddress>)"
"2d1b0522fd7bc4e5e130059eb22b29abf2221c02","redisson/src/main/java/org/redisson/RedissonExecutorService.java","onMessage(CharSequence, Integer)","onMessage(CharSequence, Long)"
"4d5842b0b08114f4c0e2b28fa2ad5f8aa20575fa","redisson/src/main/java/org/redisson/RedissonStream.java","createGroup(String, StreamId)","createGroup(String, StreamMessageId)"
"4d5842b0b08114f4c0e2b28fa2ad5f8aa20575fa","redisson/src/main/java/org/redisson/RedissonStream.java","createGroupAsync(String, StreamId)","createGroupAsync(String, StreamMessageId)"
"4d5842b0b08114f4c0e2b28fa2ad5f8aa20575fa","redisson/src/main/java/org/redisson/RedissonStream.java","ackAsync(String, StreamId)","ackAsync(String, StreamMessageId)"
"4d5842b0b08114f4c0e2b28fa2ad5f8aa20575fa","redisson/src/main/java/org/redisson/RedissonStream.java","ack(String, StreamId)","ack(String, StreamMessageId)"
"4d5842b0b08114f4c0e2b28fa2ad5f8aa20575fa","redisson/src/main/java/org/redisson/RedissonStream.java","listPendingAsync(String, StreamId, StreamId, int, String)","listPendingAsync(String, StreamMessageId, StreamMessageId, int, String)"
"4d5842b0b08114f4c0e2b28fa2ad5f8aa20575fa","redisson/src/main/java/org/redisson/RedissonStream.java","listPendingAsync(String, StreamId, StreamId, int)","listPendingAsync(String, StreamMessageId, StreamMessageId, int)"
"4d5842b0b08114f4c0e2b28fa2ad5f8aa20575fa","redisson/src/main/java/org/redisson/RedissonStream.java","listPending(String, StreamId, StreamId, int)","listPending(String, StreamMessageId, StreamMessageId, int)"
"4d5842b0b08114f4c0e2b28fa2ad5f8aa20575fa","redisson/src/main/java/org/redisson/RedissonStream.java","listPending(String, StreamId, StreamId, int, String)","listPending(String, StreamMessageId, StreamMessageId, int, String)"
"4d5842b0b08114f4c0e2b28fa2ad5f8aa20575fa","redisson/src/main/java/org/redisson/RedissonStream.java","claimAsync(String, String, long, TimeUnit, StreamId)","claimAsync(String, String, long, TimeUnit, StreamMessageId)"
"4d5842b0b08114f4c0e2b28fa2ad5f8aa20575fa","redisson/src/main/java/org/redisson/RedissonStream.java","claimPending(String, String, long, TimeUnit, StreamId)","claimPending(String, String, long, TimeUnit, StreamMessageId)"
"4d5842b0b08114f4c0e2b28fa2ad5f8aa20575fa","redisson/src/main/java/org/redisson/RedissonStream.java","readGroupAsync(String, String, StreamId)","readGroupAsync(String, String, StreamMessageId)"
"4d5842b0b08114f4c0e2b28fa2ad5f8aa20575fa","redisson/src/main/java/org/redisson/RedissonStream.java","readGroupAsync(String, String, int, StreamId)","readGroupAsync(String, String, int, StreamMessageId)"
"4d5842b0b08114f4c0e2b28fa2ad5f8aa20575fa","redisson/src/main/java/org/redisson/RedissonStream.java","readGroupAsync(String, String, long, TimeUnit, StreamId)","readGroupAsync(String, String, long, TimeUnit, StreamMessageId)"
"4d5842b0b08114f4c0e2b28fa2ad5f8aa20575fa","redisson/src/main/java/org/redisson/RedissonStream.java","readGroupAsync(String, String, int, long, TimeUnit, StreamId)","readGroupAsync(String, String, int, long, TimeUnit, StreamMessageId)"
"4d5842b0b08114f4c0e2b28fa2ad5f8aa20575fa","redisson/src/main/java/org/redisson/RedissonStream.java","readGroup(String, String, StreamId)","readGroup(String, String, StreamMessageId)"
"4d5842b0b08114f4c0e2b28fa2ad5f8aa20575fa","redisson/src/main/java/org/redisson/RedissonStream.java","readGroup(String, String, int, StreamId)","readGroup(String, String, int, StreamMessageId)"
"4d5842b0b08114f4c0e2b28fa2ad5f8aa20575fa","redisson/src/main/java/org/redisson/RedissonStream.java","readGroup(String, String, long, TimeUnit, StreamId)","readGroup(String, String, long, TimeUnit, StreamMessageId)"
"4d5842b0b08114f4c0e2b28fa2ad5f8aa20575fa","redisson/src/main/java/org/redisson/RedissonStream.java","readGroup(String, String, int, long, TimeUnit, StreamId)","readGroup(String, String, int, long, TimeUnit, StreamMessageId)"
"4d5842b0b08114f4c0e2b28fa2ad5f8aa20575fa","redisson/src/main/java/org/redisson/RedissonStream.java","addAll(StreamId, Map<K,V>)","addAll(StreamMessageId, Map<K,V>)"
"4d5842b0b08114f4c0e2b28fa2ad5f8aa20575fa","redisson/src/main/java/org/redisson/RedissonStream.java","addAllAsync(StreamId, Map<K,V>)","addAllAsync(StreamMessageId, Map<K,V>)"
"4d5842b0b08114f4c0e2b28fa2ad5f8aa20575fa","redisson/src/main/java/org/redisson/RedissonStream.java","addAll(StreamId, Map<K,V>, int, boolean)","addAll(StreamMessageId, Map<K,V>, int, boolean)"
"4d5842b0b08114f4c0e2b28fa2ad5f8aa20575fa","redisson/src/main/java/org/redisson/RedissonStream.java","addAllCustomAsync(StreamId, Map<K,V>, int, boolean)","addAllCustomAsync(StreamMessageId, Map<K,V>, int, boolean)"
"4d5842b0b08114f4c0e2b28fa2ad5f8aa20575fa","redisson/src/main/java/org/redisson/RedissonStream.java","addAllAsync(StreamId, Map<K,V>, int, boolean)","addAllAsync(StreamMessageId, Map<K,V>, int, boolean)"
"4d5842b0b08114f4c0e2b28fa2ad5f8aa20575fa","redisson/src/main/java/org/redisson/RedissonStream.java","read(int, StreamId)","read(int, StreamMessageId)"
"4d5842b0b08114f4c0e2b28fa2ad5f8aa20575fa","redisson/src/main/java/org/redisson/RedissonStream.java","readAsync(int, StreamId, Map<String,StreamId>)","readAsync(int, StreamMessageId, Map<String,StreamMessageId>)"
"4d5842b0b08114f4c0e2b28fa2ad5f8aa20575fa","redisson/src/main/java/org/redisson/RedissonStream.java","read(int, long, TimeUnit, StreamId)","read(int, long, TimeUnit, StreamMessageId)"
"4d5842b0b08114f4c0e2b28fa2ad5f8aa20575fa","redisson/src/main/java/org/redisson/RedissonStream.java","readAsync(int, long, TimeUnit, StreamId, Map<String,StreamId>)","readAsync(int, long, TimeUnit, StreamMessageId, Map<String,StreamMessageId>)"
"4d5842b0b08114f4c0e2b28fa2ad5f8aa20575fa","redisson/src/main/java/org/redisson/RedissonStream.java","addAsync(StreamId, K, V)","addAsync(StreamMessageId, K, V)"
"4d5842b0b08114f4c0e2b28fa2ad5f8aa20575fa","redisson/src/main/java/org/redisson/RedissonStream.java","addCustomAsync(StreamId, K, V, int, boolean)","addCustomAsync(StreamMessageId, K, V, int, boolean)"
"4d5842b0b08114f4c0e2b28fa2ad5f8aa20575fa","redisson/src/main/java/org/redisson/RedissonStream.java","addAsync(StreamId, K, V, int, boolean)","addAsync(StreamMessageId, K, V, int, boolean)"
"4d5842b0b08114f4c0e2b28fa2ad5f8aa20575fa","redisson/src/main/java/org/redisson/RedissonStream.java","add(StreamId, K, V)","add(StreamMessageId, K, V)"
"4d5842b0b08114f4c0e2b28fa2ad5f8aa20575fa","redisson/src/main/java/org/redisson/RedissonStream.java","add(StreamId, K, V, int, boolean)","add(StreamMessageId, K, V, int, boolean)"
"4d5842b0b08114f4c0e2b28fa2ad5f8aa20575fa","redisson/src/main/java/org/redisson/RedissonStream.java","readAsync(int, StreamId)","readAsync(int, StreamMessageId)"
"4d5842b0b08114f4c0e2b28fa2ad5f8aa20575fa","redisson/src/main/java/org/redisson/RedissonStream.java","readAsync(int, long, TimeUnit, StreamId)","readAsync(int, long, TimeUnit, StreamMessageId)"
"4d5842b0b08114f4c0e2b28fa2ad5f8aa20575fa","redisson/src/main/java/org/redisson/RedissonStream.java","read(int, StreamId, Map<String,StreamId>)","read(int, StreamMessageId, Map<String,StreamMessageId>)"
"4d5842b0b08114f4c0e2b28fa2ad5f8aa20575fa","redisson/src/main/java/org/redisson/RedissonStream.java","read(int, long, TimeUnit, StreamId, Map<String,StreamId>)","read(int, long, TimeUnit, StreamMessageId, Map<String,StreamMessageId>)"
"4d5842b0b08114f4c0e2b28fa2ad5f8aa20575fa","redisson/src/main/java/org/redisson/RedissonStream.java","rangeAsync(int, StreamId, StreamId)","rangeAsync(int, StreamMessageId, StreamMessageId)"
"4d5842b0b08114f4c0e2b28fa2ad5f8aa20575fa","redisson/src/main/java/org/redisson/RedissonStream.java","range(int, StreamId, StreamId)","range(int, StreamMessageId, StreamMessageId)"
"4d5842b0b08114f4c0e2b28fa2ad5f8aa20575fa","redisson/src/main/java/org/redisson/RedissonStream.java","rangeReversedAsync(int, StreamId, StreamId)","rangeReversedAsync(int, StreamMessageId, StreamMessageId)"
"4d5842b0b08114f4c0e2b28fa2ad5f8aa20575fa","redisson/src/main/java/org/redisson/RedissonStream.java","rangeReversed(int, StreamId, StreamId)","rangeReversed(int, StreamMessageId, StreamMessageId)"
"4d5842b0b08114f4c0e2b28fa2ad5f8aa20575fa","redisson/src/main/java/org/redisson/RedissonStream.java","readAsync(StreamId)","readAsync(StreamMessageId)"
"4d5842b0b08114f4c0e2b28fa2ad5f8aa20575fa","redisson/src/main/java/org/redisson/RedissonStream.java","readAsync(long, TimeUnit, StreamId)","readAsync(long, TimeUnit, StreamMessageId)"
"4d5842b0b08114f4c0e2b28fa2ad5f8aa20575fa","redisson/src/main/java/org/redisson/RedissonStream.java","readAsync(StreamId, Map<String,StreamId>)","readAsync(StreamMessageId, Map<String,StreamMessageId>)"
"4d5842b0b08114f4c0e2b28fa2ad5f8aa20575fa","redisson/src/main/java/org/redisson/RedissonStream.java","readAsync(long, TimeUnit, StreamId, Map<String,StreamId>)","readAsync(long, TimeUnit, StreamMessageId, Map<String,StreamMessageId>)"
"4d5842b0b08114f4c0e2b28fa2ad5f8aa20575fa","redisson/src/main/java/org/redisson/RedissonStream.java","rangeAsync(StreamId, StreamId)","rangeAsync(StreamMessageId, StreamMessageId)"
"4d5842b0b08114f4c0e2b28fa2ad5f8aa20575fa","redisson/src/main/java/org/redisson/RedissonStream.java","rangeReversedAsync(StreamId, StreamId)","rangeReversedAsync(StreamMessageId, StreamMessageId)"
"4d5842b0b08114f4c0e2b28fa2ad5f8aa20575fa","redisson/src/main/java/org/redisson/RedissonStream.java","read(StreamId)","read(StreamMessageId)"
"4d5842b0b08114f4c0e2b28fa2ad5f8aa20575fa","redisson/src/main/java/org/redisson/RedissonStream.java","read(long, TimeUnit, StreamId)","read(long, TimeUnit, StreamMessageId)"
"4d5842b0b08114f4c0e2b28fa2ad5f8aa20575fa","redisson/src/main/java/org/redisson/RedissonStream.java","read(StreamId, Map<String,StreamId>)","read(StreamMessageId, Map<String,StreamMessageId>)"
"4d5842b0b08114f4c0e2b28fa2ad5f8aa20575fa","redisson/src/main/java/org/redisson/RedissonStream.java","read(long, TimeUnit, StreamId, Map<String,StreamId>)","read(long, TimeUnit, StreamMessageId, Map<String,StreamMessageId>)"
"4d5842b0b08114f4c0e2b28fa2ad5f8aa20575fa","redisson/src/main/java/org/redisson/RedissonStream.java","range(StreamId, StreamId)","range(StreamMessageId, StreamMessageId)"
"4d5842b0b08114f4c0e2b28fa2ad5f8aa20575fa","redisson/src/main/java/org/redisson/RedissonStream.java","rangeReversed(StreamId, StreamId)","rangeReversed(StreamMessageId, StreamMessageId)"
"4d5842b0b08114f4c0e2b28fa2ad5f8aa20575fa","redisson/src/main/java/org/redisson/RedissonStream.java","readAsync(StreamId, String, StreamId)","readAsync(StreamMessageId, String, StreamMessageId)"
"4d5842b0b08114f4c0e2b28fa2ad5f8aa20575fa","redisson/src/main/java/org/redisson/RedissonStream.java","readAsync(StreamId, String, StreamId, String, StreamId)","readAsync(StreamMessageId, String, StreamMessageId, String, StreamMessageId)"
"4d5842b0b08114f4c0e2b28fa2ad5f8aa20575fa","redisson/src/main/java/org/redisson/RedissonStream.java","readAsync(int, StreamId, String, StreamId)","readAsync(int, StreamMessageId, String, StreamMessageId)"
"4d5842b0b08114f4c0e2b28fa2ad5f8aa20575fa","redisson/src/main/java/org/redisson/RedissonStream.java","readAsync(int, StreamId, String, StreamId, String, StreamId)","readAsync(int, StreamMessageId, String, StreamMessageId, String, StreamMessageId)"
"4d5842b0b08114f4c0e2b28fa2ad5f8aa20575fa","redisson/src/main/java/org/redisson/RedissonStream.java","readAsync(long, TimeUnit, StreamId, String, StreamId)","readAsync(long, TimeUnit, StreamMessageId, String, StreamMessageId)"
"4d5842b0b08114f4c0e2b28fa2ad5f8aa20575fa","redisson/src/main/java/org/redisson/RedissonStream.java","readAsync(long, TimeUnit, StreamId, String, StreamId, String, StreamId)","readAsync(long, TimeUnit, StreamMessageId, String, StreamMessageId, String, StreamMessageId)"
"4d5842b0b08114f4c0e2b28fa2ad5f8aa20575fa","redisson/src/main/java/org/redisson/RedissonStream.java","readAsync(int, long, TimeUnit, StreamId, String, StreamId)","readAsync(int, long, TimeUnit, StreamMessageId, String, StreamMessageId)"
"4d5842b0b08114f4c0e2b28fa2ad5f8aa20575fa","redisson/src/main/java/org/redisson/RedissonStream.java","readAsync(int, long, TimeUnit, StreamId, String, StreamId, String, StreamId)","readAsync(int, long, TimeUnit, StreamMessageId, String, StreamMessageId, String, StreamMessageId)"
"4d5842b0b08114f4c0e2b28fa2ad5f8aa20575fa","redisson/src/main/java/org/redisson/RedissonStream.java","read(StreamId, String, StreamId)","read(StreamMessageId, String, StreamMessageId)"
"4d5842b0b08114f4c0e2b28fa2ad5f8aa20575fa","redisson/src/main/java/org/redisson/RedissonStream.java","read(StreamId, String, StreamId, String, StreamId)","read(StreamMessageId, String, StreamMessageId, String, StreamMessageId)"
"4d5842b0b08114f4c0e2b28fa2ad5f8aa20575fa","redisson/src/main/java/org/redisson/RedissonStream.java","read(int, StreamId, String, StreamId)","read(int, StreamMessageId, String, StreamMessageId)"
"4d5842b0b08114f4c0e2b28fa2ad5f8aa20575fa","redisson/src/main/java/org/redisson/RedissonStream.java","read(int, StreamId, String, StreamId, String, StreamId)","read(int, StreamMessageId, String, StreamMessageId, String, StreamMessageId)"
"4d5842b0b08114f4c0e2b28fa2ad5f8aa20575fa","redisson/src/main/java/org/redisson/RedissonStream.java","read(long, TimeUnit, StreamId, String, StreamId)","read(long, TimeUnit, StreamMessageId, String, StreamMessageId)"
"4d5842b0b08114f4c0e2b28fa2ad5f8aa20575fa","redisson/src/main/java/org/redisson/RedissonStream.java","read(long, TimeUnit, StreamId, String, StreamId, String, StreamId)","read(long, TimeUnit, StreamMessageId, String, StreamMessageId, String, StreamMessageId)"
"4d5842b0b08114f4c0e2b28fa2ad5f8aa20575fa","redisson/src/main/java/org/redisson/RedissonStream.java","read(int, long, TimeUnit, StreamId, String, StreamId)","read(int, long, TimeUnit, StreamMessageId, String, StreamMessageId)"
"4d5842b0b08114f4c0e2b28fa2ad5f8aa20575fa","redisson/src/main/java/org/redisson/RedissonStream.java","read(int, long, TimeUnit, StreamId, String, StreamId, String, StreamId)","read(int, long, TimeUnit, StreamMessageId, String, StreamMessageId, String, StreamMessageId)"
"4d5842b0b08114f4c0e2b28fa2ad5f8aa20575fa","redisson/src/main/java/org/redisson/api/RStream.java","createGroup(String, StreamId)","createGroup(String, StreamMessageId)"
"4d5842b0b08114f4c0e2b28fa2ad5f8aa20575fa","redisson/src/main/java/org/redisson/api/RStream.java","ack(String, StreamId)","ack(String, StreamMessageId)"
"4d5842b0b08114f4c0e2b28fa2ad5f8aa20575fa","redisson/src/main/java/org/redisson/api/RStream.java","listPending(String, StreamId, StreamId, int)","listPending(String, StreamMessageId, StreamMessageId, int)"
"4d5842b0b08114f4c0e2b28fa2ad5f8aa20575fa","redisson/src/main/java/org/redisson/api/RStream.java","listPending(String, StreamId, StreamId, int, String)","listPending(String, StreamMessageId, StreamMessageId, int, String)"
"4d5842b0b08114f4c0e2b28fa2ad5f8aa20575fa","redisson/src/main/java/org/redisson/api/RStream.java","claimPending(String, String, long, TimeUnit, StreamId)","claimPending(String, String, long, TimeUnit, StreamMessageId)"
"4d5842b0b08114f4c0e2b28fa2ad5f8aa20575fa","redisson/src/main/java/org/redisson/api/RStream.java","readGroup(String, String, StreamId)","readGroup(String, String, StreamMessageId)"
"4d5842b0b08114f4c0e2b28fa2ad5f8aa20575fa","redisson/src/main/java/org/redisson/api/RStream.java","readGroup(String, String, int, StreamId)","readGroup(String, String, int, StreamMessageId)"
"4d5842b0b08114f4c0e2b28fa2ad5f8aa20575fa","redisson/src/main/java/org/redisson/api/RStream.java","readGroup(String, String, long, TimeUnit, StreamId)","readGroup(String, String, long, TimeUnit, StreamMessageId)"
"4d5842b0b08114f4c0e2b28fa2ad5f8aa20575fa","redisson/src/main/java/org/redisson/api/RStream.java","readGroup(String, String, int, long, TimeUnit, StreamId)","readGroup(String, String, int, long, TimeUnit, StreamMessageId)"
"4d5842b0b08114f4c0e2b28fa2ad5f8aa20575fa","redisson/src/main/java/org/redisson/api/RStream.java","add(StreamId, K, V)","add(StreamMessageId, K, V)"
"4d5842b0b08114f4c0e2b28fa2ad5f8aa20575fa","redisson/src/main/java/org/redisson/api/RStream.java","add(StreamId, K, V, int, boolean)","add(StreamMessageId, K, V, int, boolean)"
"4d5842b0b08114f4c0e2b28fa2ad5f8aa20575fa","redisson/src/main/java/org/redisson/api/RStream.java","addAll(StreamId, Map<K,V>)","addAll(StreamMessageId, Map<K,V>)"
"4d5842b0b08114f4c0e2b28fa2ad5f8aa20575fa","redisson/src/main/java/org/redisson/api/RStream.java","addAll(StreamId, Map<K,V>, int, boolean)","addAll(StreamMessageId, Map<K,V>, int, boolean)"
"4d5842b0b08114f4c0e2b28fa2ad5f8aa20575fa","redisson/src/main/java/org/redisson/api/RStream.java","read(StreamId)","read(StreamMessageId)"
"4d5842b0b08114f4c0e2b28fa2ad5f8aa20575fa","redisson/src/main/java/org/redisson/api/RStream.java","read(int, StreamId)","read(int, StreamMessageId)"
"4d5842b0b08114f4c0e2b28fa2ad5f8aa20575fa","redisson/src/main/java/org/redisson/api/RStream.java","read(long, TimeUnit, StreamId)","read(long, TimeUnit, StreamMessageId)"
"4d5842b0b08114f4c0e2b28fa2ad5f8aa20575fa","redisson/src/main/java/org/redisson/api/RStream.java","read(int, long, TimeUnit, StreamId)","read(int, long, TimeUnit, StreamMessageId)"
"4d5842b0b08114f4c0e2b28fa2ad5f8aa20575fa","redisson/src/main/java/org/redisson/api/RStream.java","read(StreamId, String, StreamId)","read(StreamMessageId, String, StreamMessageId)"
"4d5842b0b08114f4c0e2b28fa2ad5f8aa20575fa","redisson/src/main/java/org/redisson/api/RStream.java","read(StreamId, String, StreamId, String, StreamId)","read(StreamMessageId, String, StreamMessageId, String, StreamMessageId)"
"4d5842b0b08114f4c0e2b28fa2ad5f8aa20575fa","redisson/src/main/java/org/redisson/api/RStream.java","read(StreamId, Map<String,StreamId>)","read(StreamMessageId, Map<String,StreamMessageId>)"
"4d5842b0b08114f4c0e2b28fa2ad5f8aa20575fa","redisson/src/main/java/org/redisson/api/RStream.java","read(int, StreamId, String, StreamId)","read(int, StreamMessageId, String, StreamMessageId)"
"4d5842b0b08114f4c0e2b28fa2ad5f8aa20575fa","redisson/src/main/java/org/redisson/api/RStream.java","read(int, StreamId, String, StreamId, String, StreamId)","read(int, StreamMessageId, String, StreamMessageId, String, StreamMessageId)"
"4d5842b0b08114f4c0e2b28fa2ad5f8aa20575fa","redisson/src/main/java/org/redisson/api/RStream.java","read(int, StreamId, Map<String,StreamId>)","read(int, StreamMessageId, Map<String,StreamMessageId>)"
"4d5842b0b08114f4c0e2b28fa2ad5f8aa20575fa","redisson/src/main/java/org/redisson/api/RStream.java","read(long, TimeUnit, StreamId, String, StreamId)","read(long, TimeUnit, StreamMessageId, String, StreamMessageId)"
"4d5842b0b08114f4c0e2b28fa2ad5f8aa20575fa","redisson/src/main/java/org/redisson/api/RStream.java","read(long, TimeUnit, StreamId, String, StreamId, String, StreamId)","read(long, TimeUnit, StreamMessageId, String, StreamMessageId, String, StreamMessageId)"
"4d5842b0b08114f4c0e2b28fa2ad5f8aa20575fa","redisson/src/main/java/org/redisson/api/RStream.java","read(long, TimeUnit, StreamId, Map<String,StreamId>)","read(long, TimeUnit, StreamMessageId, Map<String,StreamMessageId>)"
"4d5842b0b08114f4c0e2b28fa2ad5f8aa20575fa","redisson/src/main/java/org/redisson/api/RStream.java","read(int, long, TimeUnit, StreamId, String, StreamId)","read(int, long, TimeUnit, StreamMessageId, String, StreamMessageId)"
"4d5842b0b08114f4c0e2b28fa2ad5f8aa20575fa","redisson/src/main/java/org/redisson/api/RStream.java","read(int, long, TimeUnit, StreamId, String, StreamId, String, StreamId)","read(int, long, TimeUnit, StreamMessageId, String, StreamMessageId, String, StreamMessageId)"
"4d5842b0b08114f4c0e2b28fa2ad5f8aa20575fa","redisson/src/main/java/org/redisson/api/RStream.java","read(int, long, TimeUnit, StreamId, Map<String,StreamId>)","read(int, long, TimeUnit, StreamMessageId, Map<String,StreamMessageId>)"
"4d5842b0b08114f4c0e2b28fa2ad5f8aa20575fa","redisson/src/main/java/org/redisson/api/RStream.java","range(StreamId, StreamId)","range(StreamMessageId, StreamMessageId)"
"4d5842b0b08114f4c0e2b28fa2ad5f8aa20575fa","redisson/src/main/java/org/redisson/api/RStream.java","range(int, StreamId, StreamId)","range(int, StreamMessageId, StreamMessageId)"
"4d5842b0b08114f4c0e2b28fa2ad5f8aa20575fa","redisson/src/main/java/org/redisson/api/RStream.java","rangeReversed(StreamId, StreamId)","rangeReversed(StreamMessageId, StreamMessageId)"
"4d5842b0b08114f4c0e2b28fa2ad5f8aa20575fa","redisson/src/main/java/org/redisson/api/RStream.java","rangeReversed(int, StreamId, StreamId)","rangeReversed(int, StreamMessageId, StreamMessageId)"
"4d5842b0b08114f4c0e2b28fa2ad5f8aa20575fa","redisson/src/main/java/org/redisson/api/RStreamAsync.java","createGroupAsync(String, StreamId)","createGroupAsync(String, StreamMessageId)"
"4d5842b0b08114f4c0e2b28fa2ad5f8aa20575fa","redisson/src/main/java/org/redisson/api/RStreamAsync.java","ackAsync(String, StreamId)","ackAsync(String, StreamMessageId)"
"4d5842b0b08114f4c0e2b28fa2ad5f8aa20575fa","redisson/src/main/java/org/redisson/api/RStreamAsync.java","listPendingAsync(String, StreamId, StreamId, int)","listPendingAsync(String, StreamMessageId, StreamMessageId, int)"
"4d5842b0b08114f4c0e2b28fa2ad5f8aa20575fa","redisson/src/main/java/org/redisson/api/RStreamAsync.java","listPendingAsync(String, StreamId, StreamId, int, String)","listPendingAsync(String, StreamMessageId, StreamMessageId, int, String)"
"4d5842b0b08114f4c0e2b28fa2ad5f8aa20575fa","redisson/src/main/java/org/redisson/api/RStreamAsync.java","claimAsync(String, String, long, TimeUnit, StreamId)","claimAsync(String, String, long, TimeUnit, StreamMessageId)"
"4d5842b0b08114f4c0e2b28fa2ad5f8aa20575fa","redisson/src/main/java/org/redisson/api/RStreamAsync.java","readGroupAsync(String, String, StreamId)","readGroupAsync(String, String, StreamMessageId)"
"4d5842b0b08114f4c0e2b28fa2ad5f8aa20575fa","redisson/src/main/java/org/redisson/api/RStreamAsync.java","readGroupAsync(String, String, int, StreamId)","readGroupAsync(String, String, int, StreamMessageId)"
"4d5842b0b08114f4c0e2b28fa2ad5f8aa20575fa","redisson/src/main/java/org/redisson/api/RStreamAsync.java","readGroupAsync(String, String, long, TimeUnit, StreamId)","readGroupAsync(String, String, long, TimeUnit, StreamMessageId)"
"4d5842b0b08114f4c0e2b28fa2ad5f8aa20575fa","redisson/src/main/java/org/redisson/api/RStreamAsync.java","readGroupAsync(String, String, int, long, TimeUnit, StreamId)","readGroupAsync(String, String, int, long, TimeUnit, StreamMessageId)"
"4d5842b0b08114f4c0e2b28fa2ad5f8aa20575fa","redisson/src/main/java/org/redisson/api/RStreamAsync.java","addAsync(StreamId, K, V)","addAsync(StreamMessageId, K, V)"
"4d5842b0b08114f4c0e2b28fa2ad5f8aa20575fa","redisson/src/main/java/org/redisson/api/RStreamAsync.java","addAsync(StreamId, K, V, int, boolean)","addAsync(StreamMessageId, K, V, int, boolean)"
"4d5842b0b08114f4c0e2b28fa2ad5f8aa20575fa","redisson/src/main/java/org/redisson/api/RStreamAsync.java","addAllAsync(StreamId, Map<K,V>)","addAllAsync(StreamMessageId, Map<K,V>)"
"4d5842b0b08114f4c0e2b28fa2ad5f8aa20575fa","redisson/src/main/java/org/redisson/api/RStreamAsync.java","addAllAsync(StreamId, Map<K,V>, int, boolean)","addAllAsync(StreamMessageId, Map<K,V>, int, boolean)"
"4d5842b0b08114f4c0e2b28fa2ad5f8aa20575fa","redisson/src/main/java/org/redisson/api/RStreamAsync.java","readAsync(StreamId)","readAsync(StreamMessageId)"
"4d5842b0b08114f4c0e2b28fa2ad5f8aa20575fa","redisson/src/main/java/org/redisson/api/RStreamAsync.java","readAsync(int, StreamId)","readAsync(int, StreamMessageId)"
"4d5842b0b08114f4c0e2b28fa2ad5f8aa20575fa","redisson/src/main/java/org/redisson/api/RStreamAsync.java","readAsync(long, TimeUnit, StreamId)","readAsync(long, TimeUnit, StreamMessageId)"
"4d5842b0b08114f4c0e2b28fa2ad5f8aa20575fa","redisson/src/main/java/org/redisson/api/RStreamAsync.java","readAsync(int, long, TimeUnit, StreamId)","readAsync(int, long, TimeUnit, StreamMessageId)"
"4d5842b0b08114f4c0e2b28fa2ad5f8aa20575fa","redisson/src/main/java/org/redisson/api/RStreamAsync.java","readAsync(StreamId, String, StreamId)","readAsync(StreamMessageId, String, StreamMessageId)"
"4d5842b0b08114f4c0e2b28fa2ad5f8aa20575fa","redisson/src/main/java/org/redisson/api/RStreamAsync.java","readAsync(StreamId, String, StreamId, String, StreamId)","readAsync(StreamMessageId, String, StreamMessageId, String, StreamMessageId)"
"4d5842b0b08114f4c0e2b28fa2ad5f8aa20575fa","redisson/src/main/java/org/redisson/api/RStreamAsync.java","readAsync(StreamId, Map<String,StreamId>)","readAsync(StreamMessageId, Map<String,StreamMessageId>)"
"4d5842b0b08114f4c0e2b28fa2ad5f8aa20575fa","redisson/src/main/java/org/redisson/api/RStreamAsync.java","readAsync(int, StreamId, String, StreamId)","readAsync(int, StreamMessageId, String, StreamMessageId)"
"4d5842b0b08114f4c0e2b28fa2ad5f8aa20575fa","redisson/src/main/java/org/redisson/api/RStreamAsync.java","readAsync(int, StreamId, String, StreamId, String, StreamId)","readAsync(int, StreamMessageId, String, StreamMessageId, String, StreamMessageId)"
"4d5842b0b08114f4c0e2b28fa2ad5f8aa20575fa","redisson/src/main/java/org/redisson/api/RStreamAsync.java","readAsync(int, StreamId, Map<String,StreamId>)","readAsync(int, StreamMessageId, Map<String,StreamMessageId>)"
"4d5842b0b08114f4c0e2b28fa2ad5f8aa20575fa","redisson/src/main/java/org/redisson/api/RStreamAsync.java","readAsync(long, TimeUnit, StreamId, String, StreamId)","readAsync(long, TimeUnit, StreamMessageId, String, StreamMessageId)"
"4d5842b0b08114f4c0e2b28fa2ad5f8aa20575fa","redisson/src/main/java/org/redisson/api/RStreamAsync.java","readAsync(long, TimeUnit, StreamId, String, StreamId, String, StreamId)","readAsync(long, TimeUnit, StreamMessageId, String, StreamMessageId, String, StreamMessageId)"
"4d5842b0b08114f4c0e2b28fa2ad5f8aa20575fa","redisson/src/main/java/org/redisson/api/RStreamAsync.java","readAsync(long, TimeUnit, StreamId, Map<String,StreamId>)","readAsync(long, TimeUnit, StreamMessageId, Map<String,StreamMessageId>)"
"4d5842b0b08114f4c0e2b28fa2ad5f8aa20575fa","redisson/src/main/java/org/redisson/api/RStreamAsync.java","readAsync(int, long, TimeUnit, StreamId, String, StreamId)","readAsync(int, long, TimeUnit, StreamMessageId, String, StreamMessageId)"
"4d5842b0b08114f4c0e2b28fa2ad5f8aa20575fa","redisson/src/main/java/org/redisson/api/RStreamAsync.java","readAsync(int, long, TimeUnit, StreamId, String, StreamId, String, StreamId)","readAsync(int, long, TimeUnit, StreamMessageId, String, StreamMessageId, String, StreamMessageId)"
"4d5842b0b08114f4c0e2b28fa2ad5f8aa20575fa","redisson/src/main/java/org/redisson/api/RStreamAsync.java","readAsync(int, long, TimeUnit, StreamId, Map<String,StreamId>)","readAsync(int, long, TimeUnit, StreamMessageId, Map<String,StreamMessageId>)"
"4d5842b0b08114f4c0e2b28fa2ad5f8aa20575fa","redisson/src/main/java/org/redisson/api/RStreamAsync.java","rangeAsync(StreamId, StreamId)","rangeAsync(StreamMessageId, StreamMessageId)"
"4d5842b0b08114f4c0e2b28fa2ad5f8aa20575fa","redisson/src/main/java/org/redisson/api/RStreamAsync.java","rangeAsync(int, StreamId, StreamId)","rangeAsync(int, StreamMessageId, StreamMessageId)"
"4d5842b0b08114f4c0e2b28fa2ad5f8aa20575fa","redisson/src/main/java/org/redisson/api/RStreamAsync.java","rangeReversedAsync(StreamId, StreamId)","rangeReversedAsync(StreamMessageId, StreamMessageId)"
"4d5842b0b08114f4c0e2b28fa2ad5f8aa20575fa","redisson/src/main/java/org/redisson/api/RStreamAsync.java","rangeReversedAsync(int, StreamId, StreamId)","rangeReversedAsync(int, StreamMessageId, StreamMessageId)"
"4d5842b0b08114f4c0e2b28fa2ad5f8aa20575fa","redisson/src/main/java/org/redisson/api/RStreamReactive.java","createGroup(String, StreamId)","createGroup(String, StreamMessageId)"
"4d5842b0b08114f4c0e2b28fa2ad5f8aa20575fa","redisson/src/main/java/org/redisson/api/RStreamReactive.java","ack(String, StreamId)","ack(String, StreamMessageId)"
"4d5842b0b08114f4c0e2b28fa2ad5f8aa20575fa","redisson/src/main/java/org/redisson/api/RStreamReactive.java","listPending(String, StreamId, StreamId, int)","listPending(String, StreamMessageId, StreamMessageId, int)"
"4d5842b0b08114f4c0e2b28fa2ad5f8aa20575fa","redisson/src/main/java/org/redisson/api/RStreamReactive.java","listPending(String, StreamId, StreamId, int, String)","listPending(String, StreamMessageId, StreamMessageId, int, String)"
"4d5842b0b08114f4c0e2b28fa2ad5f8aa20575fa","redisson/src/main/java/org/redisson/api/RStreamReactive.java","claim(String, String, long, TimeUnit, StreamId)","claim(String, String, long, TimeUnit, StreamMessageId)"
"4d5842b0b08114f4c0e2b28fa2ad5f8aa20575fa","redisson/src/main/java/org/redisson/api/RStreamReactive.java","readGroup(String, String, StreamId)","readGroup(String, String, StreamMessageId)"
"4d5842b0b08114f4c0e2b28fa2ad5f8aa20575fa","redisson/src/main/java/org/redisson/api/RStreamReactive.java","readGroup(String, String, int, StreamId)","readGroup(String, String, int, StreamMessageId)"
"4d5842b0b08114f4c0e2b28fa2ad5f8aa20575fa","redisson/src/main/java/org/redisson/api/RStreamReactive.java","readGroup(String, String, long, TimeUnit, StreamId)","readGroup(String, String, long, TimeUnit, StreamMessageId)"
"4d5842b0b08114f4c0e2b28fa2ad5f8aa20575fa","redisson/src/main/java/org/redisson/api/RStreamReactive.java","readGroup(String, String, int, long, TimeUnit, StreamId)","readGroup(String, String, int, long, TimeUnit, StreamMessageId)"
"4d5842b0b08114f4c0e2b28fa2ad5f8aa20575fa","redisson/src/main/java/org/redisson/api/RStreamReactive.java","add(StreamId, K, V)","add(StreamMessageId, K, V)"
"4d5842b0b08114f4c0e2b28fa2ad5f8aa20575fa","redisson/src/main/java/org/redisson/api/RStreamReactive.java","add(StreamId, K, V, int, boolean)","add(StreamMessageId, K, V, int, boolean)"
"4d5842b0b08114f4c0e2b28fa2ad5f8aa20575fa","redisson/src/main/java/org/redisson/api/RStreamReactive.java","addAll(StreamId, Map<K,V>)","addAll(StreamMessageId, Map<K,V>)"
"4d5842b0b08114f4c0e2b28fa2ad5f8aa20575fa","redisson/src/main/java/org/redisson/api/RStreamReactive.java","addAll(StreamId, Map<K,V>, int, boolean)","addAll(StreamMessageId, Map<K,V>, int, boolean)"
"4d5842b0b08114f4c0e2b28fa2ad5f8aa20575fa","redisson/src/main/java/org/redisson/api/RStreamReactive.java","read(StreamId)","read(StreamMessageId)"
"4d5842b0b08114f4c0e2b28fa2ad5f8aa20575fa","redisson/src/main/java/org/redisson/api/RStreamReactive.java","read(int, StreamId)","read(int, StreamMessageId)"
"4d5842b0b08114f4c0e2b28fa2ad5f8aa20575fa","redisson/src/main/java/org/redisson/api/RStreamReactive.java","read(long, TimeUnit, StreamId)","read(long, TimeUnit, StreamMessageId)"
"4d5842b0b08114f4c0e2b28fa2ad5f8aa20575fa","redisson/src/main/java/org/redisson/api/RStreamReactive.java","read(int, long, TimeUnit, StreamId)","read(int, long, TimeUnit, StreamMessageId)"
"4d5842b0b08114f4c0e2b28fa2ad5f8aa20575fa","redisson/src/main/java/org/redisson/api/RStreamReactive.java","read(StreamId, String, StreamId)","read(StreamMessageId, String, StreamMessageId)"
"4d5842b0b08114f4c0e2b28fa2ad5f8aa20575fa","redisson/src/main/java/org/redisson/api/RStreamReactive.java","read(StreamId, String, StreamId, String, StreamId)","read(StreamMessageId, String, StreamMessageId, String, StreamMessageId)"
"4d5842b0b08114f4c0e2b28fa2ad5f8aa20575fa","redisson/src/main/java/org/redisson/api/RStreamReactive.java","read(StreamId, Map<String,StreamId>)","read(StreamMessageId, Map<String,StreamMessageId>)"
"4d5842b0b08114f4c0e2b28fa2ad5f8aa20575fa","redisson/src/main/java/org/redisson/api/RStreamReactive.java","read(int, StreamId, String, StreamId)","read(int, StreamMessageId, String, StreamMessageId)"
"4d5842b0b08114f4c0e2b28fa2ad5f8aa20575fa","redisson/src/main/java/org/redisson/api/RStreamReactive.java","read(int, StreamId, String, StreamId, String, StreamId)","read(int, StreamMessageId, String, StreamMessageId, String, StreamMessageId)"
"4d5842b0b08114f4c0e2b28fa2ad5f8aa20575fa","redisson/src/main/java/org/redisson/api/RStreamReactive.java","read(int, StreamId, Map<String,StreamId>)","read(int, StreamMessageId, Map<String,StreamMessageId>)"
"4d5842b0b08114f4c0e2b28fa2ad5f8aa20575fa","redisson/src/main/java/org/redisson/api/RStreamReactive.java","read(long, TimeUnit, StreamId, String, StreamId)","read(long, TimeUnit, StreamMessageId, String, StreamMessageId)"
"4d5842b0b08114f4c0e2b28fa2ad5f8aa20575fa","redisson/src/main/java/org/redisson/api/RStreamReactive.java","read(long, TimeUnit, StreamId, String, StreamId, String, StreamId)","read(long, TimeUnit, StreamMessageId, String, StreamMessageId, String, StreamMessageId)"
"4d5842b0b08114f4c0e2b28fa2ad5f8aa20575fa","redisson/src/main/java/org/redisson/api/RStreamReactive.java","read(long, TimeUnit, StreamId, Map<String,StreamId>)","read(long, TimeUnit, StreamMessageId, Map<String,StreamMessageId>)"
"4d5842b0b08114f4c0e2b28fa2ad5f8aa20575fa","redisson/src/main/java/org/redisson/api/RStreamReactive.java","read(int, long, TimeUnit, StreamId, String, StreamId)","read(int, long, TimeUnit, StreamMessageId, String, StreamMessageId)"
"4d5842b0b08114f4c0e2b28fa2ad5f8aa20575fa","redisson/src/main/java/org/redisson/api/RStreamReactive.java","read(int, long, TimeUnit, StreamId, String, StreamId, String, StreamId)","read(int, long, TimeUnit, StreamMessageId, String, StreamMessageId, String, StreamMessageId)"
"4d5842b0b08114f4c0e2b28fa2ad5f8aa20575fa","redisson/src/main/java/org/redisson/api/RStreamReactive.java","read(int, long, TimeUnit, StreamId, Map<String,StreamId>)","read(int, long, TimeUnit, StreamMessageId, Map<String,StreamMessageId>)"
"4d5842b0b08114f4c0e2b28fa2ad5f8aa20575fa","redisson/src/main/java/org/redisson/api/RStreamReactive.java","range(StreamId, StreamId)","range(StreamMessageId, StreamMessageId)"
"4d5842b0b08114f4c0e2b28fa2ad5f8aa20575fa","redisson/src/main/java/org/redisson/api/RStreamReactive.java","range(int, StreamId, StreamId)","range(int, StreamMessageId, StreamMessageId)"
"4d5842b0b08114f4c0e2b28fa2ad5f8aa20575fa","redisson/src/main/java/org/redisson/api/RStreamReactive.java","rangeReversed(StreamId, StreamId)","rangeReversed(StreamMessageId, StreamMessageId)"
"4d5842b0b08114f4c0e2b28fa2ad5f8aa20575fa","redisson/src/main/java/org/redisson/api/RStreamReactive.java","rangeReversed(int, StreamId, StreamId)","rangeReversed(int, StreamMessageId, StreamMessageId)"
"4d5842b0b08114f4c0e2b28fa2ad5f8aa20575fa","redisson/src/main/java/org/redisson/api/RStreamRx.java","createGroup(String, StreamId)","createGroup(String, StreamMessageId)"
"4d5842b0b08114f4c0e2b28fa2ad5f8aa20575fa","redisson/src/main/java/org/redisson/api/RStreamRx.java","ack(String, StreamId)","ack(String, StreamMessageId)"
"4d5842b0b08114f4c0e2b28fa2ad5f8aa20575fa","redisson/src/main/java/org/redisson/api/RStreamRx.java","listPending(String, StreamId, StreamId, int)","listPending(String, StreamMessageId, StreamMessageId, int)"
"4d5842b0b08114f4c0e2b28fa2ad5f8aa20575fa","redisson/src/main/java/org/redisson/api/RStreamRx.java","listPending(String, StreamId, StreamId, int, String)","listPending(String, StreamMessageId, StreamMessageId, int, String)"
"4d5842b0b08114f4c0e2b28fa2ad5f8aa20575fa","redisson/src/main/java/org/redisson/api/RStreamRx.java","claim(String, String, long, TimeUnit, StreamId)","claim(String, String, long, TimeUnit, StreamMessageId)"
"4d5842b0b08114f4c0e2b28fa2ad5f8aa20575fa","redisson/src/main/java/org/redisson/api/RStreamRx.java","readGroup(String, String, StreamId)","readGroup(String, String, StreamMessageId)"
"4d5842b0b08114f4c0e2b28fa2ad5f8aa20575fa","redisson/src/main/java/org/redisson/api/RStreamRx.java","readGroup(String, String, int, StreamId)","readGroup(String, String, int, StreamMessageId)"
"4d5842b0b08114f4c0e2b28fa2ad5f8aa20575fa","redisson/src/main/java/org/redisson/api/RStreamRx.java","readGroup(String, String, long, TimeUnit, StreamId)","readGroup(String, String, long, TimeUnit, StreamMessageId)"
"4d5842b0b08114f4c0e2b28fa2ad5f8aa20575fa","redisson/src/main/java/org/redisson/api/RStreamRx.java","readGroup(String, String, int, long, TimeUnit, StreamId)","readGroup(String, String, int, long, TimeUnit, StreamMessageId)"
"4d5842b0b08114f4c0e2b28fa2ad5f8aa20575fa","redisson/src/main/java/org/redisson/api/RStreamRx.java","add(StreamId, K, V)","add(StreamMessageId, K, V)"
"4d5842b0b08114f4c0e2b28fa2ad5f8aa20575fa","redisson/src/main/java/org/redisson/api/RStreamRx.java","add(StreamId, K, V, int, boolean)","add(StreamMessageId, K, V, int, boolean)"
"4d5842b0b08114f4c0e2b28fa2ad5f8aa20575fa","redisson/src/main/java/org/redisson/api/RStreamRx.java","addAll(StreamId, Map<K,V>)","addAll(StreamMessageId, Map<K,V>)"
"4d5842b0b08114f4c0e2b28fa2ad5f8aa20575fa","redisson/src/main/java/org/redisson/api/RStreamRx.java","addAll(StreamId, Map<K,V>, int, boolean)","addAll(StreamMessageId, Map<K,V>, int, boolean)"
"4d5842b0b08114f4c0e2b28fa2ad5f8aa20575fa","redisson/src/main/java/org/redisson/api/RStreamRx.java","read(StreamId)","read(StreamMessageId)"
"4d5842b0b08114f4c0e2b28fa2ad5f8aa20575fa","redisson/src/main/java/org/redisson/api/RStreamRx.java","read(int, StreamId)","read(int, StreamMessageId)"
"4d5842b0b08114f4c0e2b28fa2ad5f8aa20575fa","redisson/src/main/java/org/redisson/api/RStreamRx.java","read(long, TimeUnit, StreamId)","read(long, TimeUnit, StreamMessageId)"
"4d5842b0b08114f4c0e2b28fa2ad5f8aa20575fa","redisson/src/main/java/org/redisson/api/RStreamRx.java","read(int, long, TimeUnit, StreamId)","read(int, long, TimeUnit, StreamMessageId)"
"4d5842b0b08114f4c0e2b28fa2ad5f8aa20575fa","redisson/src/main/java/org/redisson/api/RStreamRx.java","read(StreamId, String, StreamId)","read(StreamMessageId, String, StreamMessageId)"
"4d5842b0b08114f4c0e2b28fa2ad5f8aa20575fa","redisson/src/main/java/org/redisson/api/RStreamRx.java","read(StreamId, String, StreamId, String, StreamId)","read(StreamMessageId, String, StreamMessageId, String, StreamMessageId)"
"4d5842b0b08114f4c0e2b28fa2ad5f8aa20575fa","redisson/src/main/java/org/redisson/api/RStreamRx.java","read(StreamId, Map<String,StreamId>)","read(StreamMessageId, Map<String,StreamMessageId>)"
"4d5842b0b08114f4c0e2b28fa2ad5f8aa20575fa","redisson/src/main/java/org/redisson/api/RStreamRx.java","read(int, StreamId, String, StreamId)","read(int, StreamMessageId, String, StreamMessageId)"
"4d5842b0b08114f4c0e2b28fa2ad5f8aa20575fa","redisson/src/main/java/org/redisson/api/RStreamRx.java","read(int, StreamId, String, StreamId, String, StreamId)","read(int, StreamMessageId, String, StreamMessageId, String, StreamMessageId)"
"4d5842b0b08114f4c0e2b28fa2ad5f8aa20575fa","redisson/src/main/java/org/redisson/api/RStreamRx.java","read(int, StreamId, Map<String,StreamId>)","read(int, StreamMessageId, Map<String,StreamMessageId>)"
"4d5842b0b08114f4c0e2b28fa2ad5f8aa20575fa","redisson/src/main/java/org/redisson/api/RStreamRx.java","read(long, TimeUnit, StreamId, String, StreamId)","read(long, TimeUnit, StreamMessageId, String, StreamMessageId)"
"4d5842b0b08114f4c0e2b28fa2ad5f8aa20575fa","redisson/src/main/java/org/redisson/api/RStreamRx.java","read(long, TimeUnit, StreamId, String, StreamId, String, StreamId)","read(long, TimeUnit, StreamMessageId, String, StreamMessageId, String, StreamMessageId)"
"4d5842b0b08114f4c0e2b28fa2ad5f8aa20575fa","redisson/src/main/java/org/redisson/api/RStreamRx.java","read(long, TimeUnit, StreamId, Map<String,StreamId>)","read(long, TimeUnit, StreamMessageId, Map<String,StreamMessageId>)"
"4d5842b0b08114f4c0e2b28fa2ad5f8aa20575fa","redisson/src/main/java/org/redisson/api/RStreamRx.java","read(int, long, TimeUnit, StreamId, String, StreamId)","read(int, long, TimeUnit, StreamMessageId, String, StreamMessageId)"
"4d5842b0b08114f4c0e2b28fa2ad5f8aa20575fa","redisson/src/main/java/org/redisson/api/RStreamRx.java","read(int, long, TimeUnit, StreamId, String, StreamId, String, StreamId)","read(int, long, TimeUnit, StreamMessageId, String, StreamMessageId, String, StreamMessageId)"
"4d5842b0b08114f4c0e2b28fa2ad5f8aa20575fa","redisson/src/main/java/org/redisson/api/RStreamRx.java","read(int, long, TimeUnit, StreamId, Map<String,StreamId>)","read(int, long, TimeUnit, StreamMessageId, Map<String,StreamMessageId>)"
"4d5842b0b08114f4c0e2b28fa2ad5f8aa20575fa","redisson/src/main/java/org/redisson/api/RStreamRx.java","range(StreamId, StreamId)","range(StreamMessageId, StreamMessageId)"
"4d5842b0b08114f4c0e2b28fa2ad5f8aa20575fa","redisson/src/main/java/org/redisson/api/RStreamRx.java","range(int, StreamId, StreamId)","range(int, StreamMessageId, StreamMessageId)"
"4d5842b0b08114f4c0e2b28fa2ad5f8aa20575fa","redisson/src/main/java/org/redisson/api/RStreamRx.java","rangeReversed(StreamId, StreamId)","rangeReversed(StreamMessageId, StreamMessageId)"
"4d5842b0b08114f4c0e2b28fa2ad5f8aa20575fa","redisson/src/main/java/org/redisson/api/RStreamRx.java","rangeReversed(int, StreamId, StreamId)","rangeReversed(int, StreamMessageId, StreamMessageId)"
"a5f2810aa740f7e4e17bdaa9b3ee5e5a832cb987","redisson/src/main/java/org/redisson/command/CommandAsyncService.java","tryHandleReference(T)","tryHandleReference(Object)"
"a5f2810aa740f7e4e17bdaa9b3ee5e5a832cb987","redisson/src/main/java/org/redisson/command/CommandAsyncService.java","tryHandleReference0(T)","tryHandleReference0(Object)"
"dc92cef23875629589d51056be611ea0abd92bab","redisson/src/main/java/org/redisson/misc/LogHelper.java","toString(T)","toString(Object)"
"b83812754a74ce9973fb347f2cdc3959eccfc15c","redisson/src/main/java/org/redisson/RedissonScript.java","eval(String, Mode, Codec, String, ReturnType)","eval(String, Mode, String, ReturnType, List<Object>, Object)"
"731234707ef33c055ada10add4840f2563c98fc6","redisson/src/main/java/org/redisson/PubSubStatusListener.java","onMessage(CharSequence, V)","onMessage(CharSequence, Object)"
"731234707ef33c055ada10add4840f2563c98fc6","redisson/src/main/java/org/redisson/PubSubStatusListener.java","onPatternMessage(CharSequence, CharSequence, V)","onPatternMessage(CharSequence, CharSequence, Object)"
"731234707ef33c055ada10add4840f2563c98fc6","redisson/src/main/java/org/redisson/RedissonTopic.java","publish(M)","publish(Object)"
"731234707ef33c055ada10add4840f2563c98fc6","redisson/src/main/java/org/redisson/RedissonTopic.java","publishAsync(M)","publishAsync(Object)"
"731234707ef33c055ada10add4840f2563c98fc6","redisson/src/main/java/org/redisson/RedissonTopic.java","addListener(MessageListener<M>)","addListener(Class<M>, MessageListener<? extends M>)"
"731234707ef33c055ada10add4840f2563c98fc6","redisson/src/main/java/org/redisson/api/RTopic.java","publish(M)","publish(Object)"
"731234707ef33c055ada10add4840f2563c98fc6","redisson/src/main/java/org/redisson/api/RTopic.java","addListener(MessageListener<M>)","addListener(Class<M>, MessageListener<? extends M>)"
"731234707ef33c055ada10add4840f2563c98fc6","redisson/src/main/java/org/redisson/api/RTopicAsync.java","publishAsync(M)","publishAsync(Object)"
"731234707ef33c055ada10add4840f2563c98fc6","redisson/src/main/java/org/redisson/api/RTopicReactive.java","publish(M)","publish(Object)"
"731234707ef33c055ada10add4840f2563c98fc6","redisson/src/main/java/org/redisson/api/RTopicRx.java","publish(M)","publish(Object)"
"f52612c38332b5acb23465fbb2800fa607b5c30e","redisson/src/main/java/org/redisson/PubSubPatternStatusListener.java","onMessage(CharSequence, V)","onMessage(CharSequence, Object)"
"f52612c38332b5acb23465fbb2800fa607b5c30e","redisson/src/main/java/org/redisson/PubSubPatternStatusListener.java","onPatternMessage(CharSequence, CharSequence, V)","onPatternMessage(CharSequence, CharSequence, Object)"
"f52612c38332b5acb23465fbb2800fa607b5c30e","redisson/src/main/java/org/redisson/RedissonPatternTopic.java","addListener(PatternMessageListener<M>)","addListener(Class<T>, PatternMessageListener<T>)"
"f52612c38332b5acb23465fbb2800fa607b5c30e","redisson/src/main/java/org/redisson/RedissonPatternTopic.java","addListenerAsync(PatternMessageListener<M>)","addListenerAsync(Class<T>, PatternMessageListener<T>)"
"f52612c38332b5acb23465fbb2800fa607b5c30e","redisson/src/main/java/org/redisson/RedissonPatternTopic.java","removeListener(PatternMessageListener<M>)","removeListener(PatternMessageListener<?>)"
"f52612c38332b5acb23465fbb2800fa607b5c30e","redisson/src/main/java/org/redisson/api/RPatternTopic.java","addListener(PatternMessageListener<M>)","addListener(Class<T>, PatternMessageListener<T>)"
"f52612c38332b5acb23465fbb2800fa607b5c30e","redisson/src/main/java/org/redisson/api/RPatternTopic.java","removeListener(PatternMessageListener<M>)","removeListener(PatternMessageListener<?>)"
"f52612c38332b5acb23465fbb2800fa607b5c30e","redisson/src/main/java/org/redisson/api/RPatternTopic.java","addListenerAsync(PatternMessageListener<M>)","addListenerAsync(Class<T>, PatternMessageListener<T>)"
"f52612c38332b5acb23465fbb2800fa607b5c30e","redisson/src/main/java/org/redisson/api/RPatternTopicReactive.java","addListener(PatternMessageListener<M>)","addListener(Class<T>, PatternMessageListener<T>)"
"f52612c38332b5acb23465fbb2800fa607b5c30e","redisson/src/main/java/org/redisson/api/RPatternTopicRx.java","addListener(PatternMessageListener<M>)","addListener(Class<T>, PatternMessageListener<T>)"
"65455d3dbd119a2e1af302aa645e563c0426fbac","redisson/src/main/java/org/redisson/rx/CommandRxBatchService.java","enableRedissonReferenceSupport(RedissonReactiveClient)","enableRedissonReferenceSupport(RedissonRxClient)"
"0e78d16f82b637510a54867e8f2eaf5944e1e4cb","redisson/src/main/java/org/redisson/RedissonList.java","removeAsync(long)","removeAsync(int)"
"0e78d16f82b637510a54867e8f2eaf5944e1e4cb","redisson/src/main/java/org/redisson/RedissonList.java","fastRemoveAsync(long)","fastRemoveAsync(int)"
"0e78d16f82b637510a54867e8f2eaf5944e1e4cb","redisson/src/main/java/org/redisson/RedissonListMultimapValues.java","removeAsync(long)","removeAsync(int)"
"0e78d16f82b637510a54867e8f2eaf5944e1e4cb","redisson/src/main/java/org/redisson/RedissonListMultimapValues.java","fastRemoveAsync(long)","fastRemoveAsync(int)"
"0e78d16f82b637510a54867e8f2eaf5944e1e4cb","redisson/src/main/java/org/redisson/api/RListAsync.java","fastRemoveAsync(long)","fastRemoveAsync(int)"
"0e78d16f82b637510a54867e8f2eaf5944e1e4cb","redisson/src/main/java/org/redisson/api/RListAsync.java","removeAsync(long)","removeAsync(int)"
"0e78d16f82b637510a54867e8f2eaf5944e1e4cb","redisson/src/main/java/org/redisson/api/RListReactive.java","add(long, V)","add(int, V)"
"0e78d16f82b637510a54867e8f2eaf5944e1e4cb","redisson/src/main/java/org/redisson/api/RListReactive.java","addAll(long, Collection<? extends V>)","addAll(int, Collection<? extends V>)"
"0e78d16f82b637510a54867e8f2eaf5944e1e4cb","redisson/src/main/java/org/redisson/api/RListReactive.java","fastSet(long, V)","fastSet(int, V)"
"0e78d16f82b637510a54867e8f2eaf5944e1e4cb","redisson/src/main/java/org/redisson/api/RListReactive.java","set(long, V)","set(int, V)"
"0e78d16f82b637510a54867e8f2eaf5944e1e4cb","redisson/src/main/java/org/redisson/api/RListReactive.java","get(long)","get(int)"
"0e78d16f82b637510a54867e8f2eaf5944e1e4cb","redisson/src/main/java/org/redisson/api/RListReactive.java","remove(long)","remove(int)"
"0e78d16f82b637510a54867e8f2eaf5944e1e4cb","redisson/src/main/java/org/redisson/api/RListReactive.java","fastRemove(long)","fastRemove(int)"
"0e78d16f82b637510a54867e8f2eaf5944e1e4cb","redisson/src/main/java/org/redisson/reactive/RedissonListReactive.java","add(V)","add(Object)"
"0e78d16f82b637510a54867e8f2eaf5944e1e4cb","redisson/src/main/java/org/redisson/reactive/RedissonSetCacheReactive.java","add(V)","add(Object)"
"0e78d16f82b637510a54867e8f2eaf5944e1e4cb","redisson/src/main/java/org/redisson/reactive/RedissonSetCacheReactive.java","addAll(Collection<? extends V>)","addAll(Publisher<? extends V>)"
"0e78d16f82b637510a54867e8f2eaf5944e1e4cb","redisson/src/test/java/org/redisson/RedissonListReactiveTest.java","onNext(Integer)","onNext(Boolean)"
"0e78d16f82b637510a54867e8f2eaf5944e1e4cb","redisson/src/test/java/org/redisson/RedissonListReactiveTest.java","onNext(Integer)","onNext(Boolean)"
"0e78d16f82b637510a54867e8f2eaf5944e1e4cb","redisson/src/test/java/org/redisson/RedissonListReactiveTest.java","onNext(Integer)","onNext(Boolean)"
"0e78d16f82b637510a54867e8f2eaf5944e1e4cb","redisson/src/test/java/org/redisson/RedissonListReactiveTest.java","onNext(Integer)","onNext(Boolean)"
"fecb03b7568cd452b01fc99d4c386a0ba2192618","redisson/src/main/java/org/redisson/reactive/RedissonLexSortedSetReactive.java","add(String)","add(Object)"
"c1bebaf6e245dc9b0588c9b05ff6c4b6eef21380","redisson/src/main/java/org/redisson/RedissonExecutorService.java","poll(List<Future<T>>, long, TimeUnit)","poll(List<RExecutorFuture<?>>, long, TimeUnit)"
"0252bbb573c54a66ff8bc79a4cc8959d3f8860c1","redisson/src/main/java/org/redisson/connection/MasterSlaveConnectionManager.java","createMasterSlaveEntry(MasterSlaveServersConfig, HashSet<ClusterSlotRange>)","createMasterSlaveEntry(MasterSlaveServersConfig)"
"0252bbb573c54a66ff8bc79a4cc8959d3f8860c1","redisson/src/main/java/org/redisson/connection/SentinelConnectionManager.java","createMasterSlaveEntry(MasterSlaveServersConfig, HashSet<ClusterSlotRange>)","createMasterSlaveEntry(MasterSlaveServersConfig)"
"bb19fd7997997d14637d0c55697e54c757290a62","redisson/src/main/java/org/redisson/executor/RemoteExecutorService.java","executeCallable(String, byte[], byte[], String)","executeCallable(TaskParameters)"
"bb19fd7997997d14637d0c55697e54c757290a62","redisson/src/main/java/org/redisson/executor/RemoteExecutorService.java","executeRunnable(String, byte[], byte[], String)","executeRunnable(TaskParameters)"
"bb19fd7997997d14637d0c55697e54c757290a62","redisson/src/main/java/org/redisson/executor/RemoteExecutorService.java","scheduleCallable(String, byte[], byte[], long, String)","scheduleCallable(ScheduledParameters)"
"bb19fd7997997d14637d0c55697e54c757290a62","redisson/src/main/java/org/redisson/executor/RemoteExecutorService.java","scheduleRunnable(String, byte[], byte[], long, String)","scheduleRunnable(ScheduledParameters)"
"bb19fd7997997d14637d0c55697e54c757290a62","redisson/src/main/java/org/redisson/executor/RemoteExecutorService.java","scheduleAtFixedRate(String, byte[], byte[], long, long, String, String)","scheduleAtFixedRate(ScheduledAtFixedRateParameters)"
"bb19fd7997997d14637d0c55697e54c757290a62","redisson/src/main/java/org/redisson/executor/RemoteExecutorService.java","scheduleWithFixedDelay(String, byte[], byte[], long, long, String, String)","scheduleWithFixedDelay(ScheduledWithFixedDelayParameters)"
"bb19fd7997997d14637d0c55697e54c757290a62","redisson/src/main/java/org/redisson/executor/RemoteExecutorService.java","schedule(String, byte[], byte[], long, String, String, String, String)","schedule(ScheduledCronExpressionParameters)"
"bb19fd7997997d14637d0c55697e54c757290a62","redisson/src/main/java/org/redisson/executor/RemoteExecutorServiceAsync.java","executeCallable(String, byte[], byte[], String)","executeCallable(TaskParameters)"
"bb19fd7997997d14637d0c55697e54c757290a62","redisson/src/main/java/org/redisson/executor/RemoteExecutorServiceAsync.java","executeRunnable(String, byte[], byte[], String)","executeRunnable(TaskParameters)"
"bb19fd7997997d14637d0c55697e54c757290a62","redisson/src/main/java/org/redisson/executor/RemoteExecutorServiceAsync.java","scheduleCallable(String, byte[], byte[], long, String)","scheduleCallable(ScheduledParameters)"
"bb19fd7997997d14637d0c55697e54c757290a62","redisson/src/main/java/org/redisson/executor/RemoteExecutorServiceAsync.java","scheduleRunnable(String, byte[], byte[], long, String)","scheduleRunnable(ScheduledParameters)"
"bb19fd7997997d14637d0c55697e54c757290a62","redisson/src/main/java/org/redisson/executor/RemoteExecutorServiceAsync.java","scheduleAtFixedRate(String, byte[], byte[], long, long, String, String)","scheduleAtFixedRate(ScheduledAtFixedRateParameters)"
"bb19fd7997997d14637d0c55697e54c757290a62","redisson/src/main/java/org/redisson/executor/RemoteExecutorServiceAsync.java","scheduleWithFixedDelay(String, byte[], byte[], long, long, String, String)","scheduleWithFixedDelay(ScheduledWithFixedDelayParameters)"
"bb19fd7997997d14637d0c55697e54c757290a62","redisson/src/main/java/org/redisson/executor/RemoteExecutorServiceAsync.java","schedule(String, byte[], byte[], long, String, String, String, String)","schedule(ScheduledCronExpressionParameters)"
"bb19fd7997997d14637d0c55697e54c757290a62","redisson/src/main/java/org/redisson/executor/TasksRunnerService.java","scheduleAtFixedRate(String, byte[], byte[], long, long, String, String)","scheduleAtFixedRate(ScheduledAtFixedRateParameters)"
"bb19fd7997997d14637d0c55697e54c757290a62","redisson/src/main/java/org/redisson/executor/TasksRunnerService.java","schedule(String, byte[], byte[], long, String, String, String, String)","schedule(ScheduledCronExpressionParameters)"
"bb19fd7997997d14637d0c55697e54c757290a62","redisson/src/main/java/org/redisson/executor/TasksRunnerService.java","scheduleWithFixedDelay(String, byte[], byte[], long, long, String, String)","scheduleWithFixedDelay(ScheduledWithFixedDelayParameters)"
"bb19fd7997997d14637d0c55697e54c757290a62","redisson/src/main/java/org/redisson/executor/TasksRunnerService.java","scheduleCallable(String, byte[], byte[], long, String)","scheduleCallable(ScheduledParameters)"
"bb19fd7997997d14637d0c55697e54c757290a62","redisson/src/main/java/org/redisson/executor/TasksRunnerService.java","scheduleRunnable(String, byte[], byte[], long, String)","scheduleRunnable(ScheduledParameters)"
"bb19fd7997997d14637d0c55697e54c757290a62","redisson/src/main/java/org/redisson/executor/TasksRunnerService.java","executeCallable(String, byte[], byte[], String)","executeCallable(TaskParameters)"
"bb19fd7997997d14637d0c55697e54c757290a62","redisson/src/main/java/org/redisson/executor/TasksRunnerService.java","executeRunnable(String, byte[], byte[], String)","executeRunnable(TaskParameters)"
"6a83044bc1c9ba0015de653805ddafb7b0431262","redisson/src/main/java/org/redisson/RedissonLiveObjectService.java","registerClass(Class)","registerClass(Class<?>)"
"6a83044bc1c9ba0015de653805ddafb7b0431262","redisson/src/main/java/org/redisson/RedissonLiveObjectService.java","unregisterClass(Class)","unregisterClass(Class<?>)"
"6a83044bc1c9ba0015de653805ddafb7b0431262","redisson/src/main/java/org/redisson/RedissonLiveObjectService.java","isClassRegistered(Class)","isClassRegistered(Class<?>)"
"6a83044bc1c9ba0015de653805ddafb7b0431262","redisson/src/main/java/org/redisson/RedissonLiveObjectService.java","getRIdFieldName(Class)","getRIdFieldName(Class<?>)"
"d5e0e6e97e9c6277f9b053069580dc8853773137","redisson-tomcat/redisson-tomcat-6/src/main/java/org/redisson/tomcat/RedissonSessionManager.java","onMessage(String, AttributeMessage)","onMessage(CharSequence, AttributeMessage)"
"d5e0e6e97e9c6277f9b053069580dc8853773137","redisson-tomcat/redisson-tomcat-7/src/main/java/org/redisson/tomcat/RedissonSessionManager.java","onMessage(String, AttributeMessage)","onMessage(CharSequence, AttributeMessage)"
"d5e0e6e97e9c6277f9b053069580dc8853773137","redisson-tomcat/redisson-tomcat-8/src/main/java/org/redisson/tomcat/RedissonSessionManager.java","onMessage(String, AttributeMessage)","onMessage(CharSequence, AttributeMessage)"
"d5e0e6e97e9c6277f9b053069580dc8853773137","redisson-tomcat/redisson-tomcat-9/src/main/java/org/redisson/tomcat/RedissonSessionManager.java","onMessage(String, AttributeMessage)","onMessage(CharSequence, AttributeMessage)"
"615532b3cb2fe693a542178c50291ad2078f43b5","redisson/src/main/java/org/redisson/PubSubMessageListener.java","onMessage(String, Object)","onMessage(CharSequence, Object)"
"615532b3cb2fe693a542178c50291ad2078f43b5","redisson/src/main/java/org/redisson/PubSubMessageListener.java","onPatternMessage(String, String, Object)","onPatternMessage(CharSequence, CharSequence, Object)"
"615532b3cb2fe693a542178c50291ad2078f43b5","redisson/src/main/java/org/redisson/PubSubMessageListener.java","onStatus(PubSubType, String)","onStatus(PubSubType, CharSequence)"
"615532b3cb2fe693a542178c50291ad2078f43b5","redisson/src/main/java/org/redisson/PubSubPatternMessageListener.java","onMessage(String, V)","onMessage(CharSequence, V)"
"615532b3cb2fe693a542178c50291ad2078f43b5","redisson/src/main/java/org/redisson/PubSubPatternMessageListener.java","onPatternMessage(String, String, V)","onPatternMessage(CharSequence, CharSequence, V)"
"615532b3cb2fe693a542178c50291ad2078f43b5","redisson/src/main/java/org/redisson/PubSubPatternMessageListener.java","onStatus(PubSubType, String)","onStatus(PubSubType, CharSequence)"
"615532b3cb2fe693a542178c50291ad2078f43b5","redisson/src/main/java/org/redisson/PubSubPatternStatusListener.java","onMessage(String, V)","onMessage(CharSequence, V)"
"615532b3cb2fe693a542178c50291ad2078f43b5","redisson/src/main/java/org/redisson/PubSubPatternStatusListener.java","onPatternMessage(String, String, V)","onPatternMessage(CharSequence, CharSequence, V)"
"615532b3cb2fe693a542178c50291ad2078f43b5","redisson/src/main/java/org/redisson/PubSubPatternStatusListener.java","onStatus(PubSubType, String)","onStatus(PubSubType, CharSequence)"
"615532b3cb2fe693a542178c50291ad2078f43b5","redisson/src/main/java/org/redisson/PubSubStatusListener.java","onMessage(String, V)","onMessage(CharSequence, V)"
"615532b3cb2fe693a542178c50291ad2078f43b5","redisson/src/main/java/org/redisson/PubSubStatusListener.java","onPatternMessage(String, String, V)","onPatternMessage(CharSequence, CharSequence, V)"
"615532b3cb2fe693a542178c50291ad2078f43b5","redisson/src/main/java/org/redisson/PubSubStatusListener.java","onStatus(PubSubType, String)","onStatus(PubSubType, CharSequence)"
"615532b3cb2fe693a542178c50291ad2078f43b5","redisson/src/main/java/org/redisson/QueueTransferTask.java","onMessage(String, Long)","onMessage(CharSequence, Long)"
"615532b3cb2fe693a542178c50291ad2078f43b5","redisson/src/main/java/org/redisson/RedissonBaseAdder.java","onMessage(String, Long)","onMessage(CharSequence, Long)"
"615532b3cb2fe693a542178c50291ad2078f43b5","redisson/src/main/java/org/redisson/RedissonExecutorService.java","onMessage(String, String)","onMessage(CharSequence, String)"
"615532b3cb2fe693a542178c50291ad2078f43b5","redisson/src/main/java/org/redisson/RedissonExecutorService.java","onMessage(String, Integer)","onMessage(CharSequence, Integer)"
"615532b3cb2fe693a542178c50291ad2078f43b5","redisson/src/main/java/org/redisson/RedissonMapCache.java","onMessage(String, List<Object>)","onMessage(CharSequence, List<Object>)"
"615532b3cb2fe693a542178c50291ad2078f43b5","redisson/src/main/java/org/redisson/RedissonMapCache.java","onMessage(String, List<Object>)","onMessage(CharSequence, List<Object>)"
"615532b3cb2fe693a542178c50291ad2078f43b5","redisson/src/main/java/org/redisson/RedissonMapCache.java","onMessage(String, List<Object>)","onMessage(CharSequence, List<Object>)"
"615532b3cb2fe693a542178c50291ad2078f43b5","redisson/src/main/java/org/redisson/RedissonMapCache.java","onMessage(String, List<Object>)","onMessage(CharSequence, List<Object>)"
"615532b3cb2fe693a542178c50291ad2078f43b5","redisson/src/main/java/org/redisson/api/listener/MessageListener.java","onMessage(String, M)","onMessage(CharSequence, M)"
"615532b3cb2fe693a542178c50291ad2078f43b5","redisson/src/main/java/org/redisson/api/listener/PatternMessageListener.java","onMessage(String, String, M)","onMessage(CharSequence, CharSequence, M)"
"615532b3cb2fe693a542178c50291ad2078f43b5","redisson/src/main/java/org/redisson/cache/LocalCacheListener.java","onMessage(String, Object)","onMessage(CharSequence, Object)"
"615532b3cb2fe693a542178c50291ad2078f43b5","redisson/src/main/java/org/redisson/client/BaseRedisPubSubListener.java","onStatus(PubSubType, String)","onStatus(PubSubType, CharSequence)"
"615532b3cb2fe693a542178c50291ad2078f43b5","redisson/src/main/java/org/redisson/client/BaseRedisPubSubListener.java","onMessage(String, Object)","onMessage(CharSequence, Object)"
"615532b3cb2fe693a542178c50291ad2078f43b5","redisson/src/main/java/org/redisson/client/BaseRedisPubSubListener.java","onPatternMessage(String, String, Object)","onPatternMessage(CharSequence, CharSequence, Object)"
"615532b3cb2fe693a542178c50291ad2078f43b5","redisson/src/main/java/org/redisson/client/RedisPubSubConnection.java","addListener(RedisPubSubListener)","addListener(RedisPubSubListener<?>)"
"615532b3cb2fe693a542178c50291ad2078f43b5","redisson/src/main/java/org/redisson/client/RedisPubSubConnection.java","subscribe(Codec, String)","subscribe(Codec, ChannelName)"
"615532b3cb2fe693a542178c50291ad2078f43b5","redisson/src/main/java/org/redisson/client/RedisPubSubConnection.java","psubscribe(Codec, String)","psubscribe(Codec, ChannelName)"
"615532b3cb2fe693a542178c50291ad2078f43b5","redisson/src/main/java/org/redisson/client/RedisPubSubConnection.java","unsubscribe(String)","unsubscribe(ChannelName)"
"615532b3cb2fe693a542178c50291ad2078f43b5","redisson/src/main/java/org/redisson/client/RedisPubSubConnection.java","removeDisconnectListener(String)","removeDisconnectListener(ChannelName)"
"615532b3cb2fe693a542178c50291ad2078f43b5","redisson/src/main/java/org/redisson/client/RedisPubSubConnection.java","punsubscribe(String)","punsubscribe(ChannelName)"
"615532b3cb2fe693a542178c50291ad2078f43b5","redisson/src/main/java/org/redisson/client/RedisPubSubListener.java","onStatus(PubSubType, String)","onStatus(PubSubType, CharSequence)"
"615532b3cb2fe693a542178c50291ad2078f43b5","redisson/src/main/java/org/redisson/client/RedisPubSubListener.java","onPatternMessage(String, String, V)","onPatternMessage(CharSequence, CharSequence, V)"
"615532b3cb2fe693a542178c50291ad2078f43b5","redisson/src/main/java/org/redisson/client/SubscribeListener.java","onStatus(PubSubType, String)","onStatus(PubSubType, CharSequence)"
"615532b3cb2fe693a542178c50291ad2078f43b5","redisson/src/main/java/org/redisson/client/handler/CommandPubSubDecoder.java","addPubSubCommand(String, CommandData<Object,Object>)","addPubSubCommand(ChannelName, CommandData<Object,Object>)"
"615532b3cb2fe693a542178c50291ad2078f43b5","redisson/src/main/java/org/redisson/command/CommandAsyncService.java","readAllAsync(RedisCommand<T>, R, Object)","readAllAsync(Collection<R>, RedisCommand<T>, Object)"
"615532b3cb2fe693a542178c50291ad2078f43b5","redisson/src/main/java/org/redisson/jcache/JCache.java","onMessage(String, List<Object>)","onMessage(CharSequence, List<Object>)"
"615532b3cb2fe693a542178c50291ad2078f43b5","redisson/src/main/java/org/redisson/jcache/JCache.java","onMessage(String, List<Object>)","onMessage(CharSequence, List<Object>)"
"615532b3cb2fe693a542178c50291ad2078f43b5","redisson/src/main/java/org/redisson/jcache/JCache.java","onMessage(String, List<Object>)","onMessage(CharSequence, List<Object>)"
"615532b3cb2fe693a542178c50291ad2078f43b5","redisson/src/main/java/org/redisson/jcache/JCache.java","onMessage(String, List<Object>)","onMessage(CharSequence, List<Object>)"
"615532b3cb2fe693a542178c50291ad2078f43b5","redisson/src/main/java/org/redisson/pubsub/PublishSubscribe.java","onMessage(String, Object)","onMessage(CharSequence, Object)"
"615532b3cb2fe693a542178c50291ad2078f43b5","redisson/src/main/java/org/redisson/pubsub/PublishSubscribe.java","onStatus(PubSubType, String)","onStatus(PubSubType, CharSequence)"
"615532b3cb2fe693a542178c50291ad2078f43b5","redisson/src/main/java/org/redisson/pubsub/PublishSubscribeService.java","getPubSubEntry(String)","getPubSubEntry(ChannelName)"
"615532b3cb2fe693a542178c50291ad2078f43b5","redisson/src/main/java/org/redisson/pubsub/PublishSubscribeService.java","psubscribe(String, Codec, RedisPubSubListener<?>)","psubscribe(ChannelName, Codec, RedisPubSubListener<?>)"
"615532b3cb2fe693a542178c50291ad2078f43b5","redisson/src/main/java/org/redisson/pubsub/PublishSubscribeService.java","subscribe(Codec, String, RedisPubSubListener<?>)","subscribe(Codec, ChannelName, RedisPubSubListener<?>)"
"615532b3cb2fe693a542178c50291ad2078f43b5","redisson/src/main/java/org/redisson/pubsub/PublishSubscribeService.java","subscribe(PubSubType, Codec, String, RPromise<PubSubConnectionEntry>, RedisPubSubListener<?>)","subscribe(PubSubType, Codec, ChannelName, RPromise<PubSubConnectionEntry>, RedisPubSubListener<?>)"
"615532b3cb2fe693a542178c50291ad2078f43b5","redisson/src/main/java/org/redisson/pubsub/PublishSubscribeService.java","getSemaphore(String)","getSemaphore(ChannelName)"
"615532b3cb2fe693a542178c50291ad2078f43b5","redisson/src/main/java/org/redisson/pubsub/PublishSubscribeService.java","subscribe(Codec, String, RPromise<PubSubConnectionEntry>, PubSubType, AsyncSemaphore, RedisPubSubListener<?>)","subscribe(Codec, ChannelName, RPromise<PubSubConnectionEntry>, PubSubType, AsyncSemaphore, RedisPubSubListener<?>)"
"615532b3cb2fe693a542178c50291ad2078f43b5","redisson/src/main/java/org/redisson/pubsub/PublishSubscribeService.java","subscribe(String, RPromise<PubSubConnectionEntry>, PubSubType, AsyncSemaphore, PubSubConnectionEntry, RedisPubSubListener<?>)","subscribe(ChannelName, RPromise<PubSubConnectionEntry>, PubSubType, AsyncSemaphore, PubSubConnectionEntry, RedisPubSubListener<?>)"
"615532b3cb2fe693a542178c50291ad2078f43b5","redisson/src/main/java/org/redisson/pubsub/PublishSubscribeService.java","connect(Codec, String, RPromise<PubSubConnectionEntry>, PubSubType, AsyncSemaphore, RedisPubSubListener<?>)","connect(Codec, ChannelName, RPromise<PubSubConnectionEntry>, PubSubType, AsyncSemaphore, RedisPubSubListener<?>)"
"615532b3cb2fe693a542178c50291ad2078f43b5","redisson/src/main/java/org/redisson/pubsub/PublishSubscribeService.java","onStatus(PubSubType, String)","onStatus(PubSubType, CharSequence)"
"615532b3cb2fe693a542178c50291ad2078f43b5","redisson/src/main/java/org/redisson/pubsub/PublishSubscribeService.java","unsubscribe(String, AsyncSemaphore)","unsubscribe(ChannelName, AsyncSemaphore)"
"615532b3cb2fe693a542178c50291ad2078f43b5","redisson/src/main/java/org/redisson/pubsub/PublishSubscribeService.java","onStatus(PubSubType, String)","onStatus(PubSubType, CharSequence)"
"615532b3cb2fe693a542178c50291ad2078f43b5","redisson/src/main/java/org/redisson/pubsub/PublishSubscribeService.java","unsubscribe(String, PubSubType)","unsubscribe(ChannelName, PubSubType)"
"615532b3cb2fe693a542178c50291ad2078f43b5","redisson/src/main/java/org/redisson/pubsub/PublishSubscribeService.java","onStatus(PubSubType, String)","onStatus(PubSubType, CharSequence)"
"615532b3cb2fe693a542178c50291ad2078f43b5","redisson/src/main/java/org/redisson/pubsub/PublishSubscribeService.java","punsubscribe(String, AsyncSemaphore)","punsubscribe(ChannelName, AsyncSemaphore)"
"615532b3cb2fe693a542178c50291ad2078f43b5","redisson/src/main/java/org/redisson/pubsub/PublishSubscribeService.java","reattachPubSubListeners(String, Collection<RedisPubSubListener<?>>, PubSubType)","reattachPubSubListeners(ChannelName, Collection<RedisPubSubListener<?>>, PubSubType)"
"615532b3cb2fe693a542178c50291ad2078f43b5","redisson/src/main/java/org/redisson/pubsub/PublishSubscribeService.java","subscribe(String, Collection<RedisPubSubListener<?>>, Codec)","subscribe(ChannelName, Collection<RedisPubSubListener<?>>, Codec)"
"615532b3cb2fe693a542178c50291ad2078f43b5","redisson/src/main/java/org/redisson/pubsub/PublishSubscribeService.java","psubscribe(String, Collection<RedisPubSubListener<?>>, Codec)","psubscribe(ChannelName, Collection<RedisPubSubListener<?>>, Codec)"
"615532b3cb2fe693a542178c50291ad2078f43b5","redisson/src/main/java/org/redisson/spring/session/RedissonSessionRepository.java","onMessage(String, String, String)","onMessage(CharSequence, CharSequence, String)"
"615532b3cb2fe693a542178c50291ad2078f43b5","redisson/src/main/java/org/redisson/transaction/RedissonTransaction.java","onMessage(String, Object)","onMessage(CharSequence, Object)"
"615532b3cb2fe693a542178c50291ad2078f43b5","redisson/src/main/java/org/redisson/transaction/RedissonTransaction.java","onMessage(String, Object)","onMessage(CharSequence, Object)"
"615532b3cb2fe693a542178c50291ad2078f43b5","redisson/src/test/java/org/redisson/RedisClientTest.java","onStatus(PubSubType, String)","onStatus(PubSubType, CharSequence)"
"615532b3cb2fe693a542178c50291ad2078f43b5","redisson/src/test/java/org/redisson/RedisClientTest.java","onMessage(String, Object)","onMessage(CharSequence, Object)"
"615532b3cb2fe693a542178c50291ad2078f43b5","redisson/src/test/java/org/redisson/RedisClientTest.java","onPatternMessage(String, String, Object)","onPatternMessage(CharSequence, CharSequence, Object)"
"615532b3cb2fe693a542178c50291ad2078f43b5","redisson/src/test/java/org/redisson/RedissonTopicPatternTest.java","onMessage(String, String, Integer)","onMessage(CharSequence, CharSequence, Integer)"
"615532b3cb2fe693a542178c50291ad2078f43b5","redisson/src/test/java/org/redisson/RedissonTopicTest.java","onMessage(String, String)","onMessage(CharSequence, String)"
"615532b3cb2fe693a542178c50291ad2078f43b5","redisson/src/test/java/org/redisson/RedissonTopicTest.java","onMessage(String, String, String)","onMessage(CharSequence, CharSequence, String)"
"615532b3cb2fe693a542178c50291ad2078f43b5","redisson/src/test/java/org/redisson/RedissonTopicTest.java","onMessage(String, String)","onMessage(CharSequence, String)"
"615532b3cb2fe693a542178c50291ad2078f43b5","redisson/src/test/java/org/redisson/RedissonTopicTest.java","onMessage(String, Long)","onMessage(CharSequence, Long)"
"615532b3cb2fe693a542178c50291ad2078f43b5","redisson/src/test/java/org/redisson/RedissonTopicTest.java","onMessage(String, Object)","onMessage(CharSequence, Object)"
"615532b3cb2fe693a542178c50291ad2078f43b5","redisson/src/test/java/org/redisson/RedissonTopicTest.java","onMessage(String, Integer)","onMessage(CharSequence, Integer)"
"615532b3cb2fe693a542178c50291ad2078f43b5","redisson/src/test/java/org/redisson/RedissonTopicTest.java","onMessage(String, Integer)","onMessage(CharSequence, Integer)"
"615532b3cb2fe693a542178c50291ad2078f43b5","redisson/src/test/java/org/redisson/RedissonTopicTest.java","onMessage(String, Integer)","onMessage(CharSequence, Integer)"
"615532b3cb2fe693a542178c50291ad2078f43b5","redisson/src/test/java/org/redisson/TimeoutTest.java","onMessage(String, String)","onMessage(CharSequence, String)"
"b38f6d0bede2934cb14bbd290c1def6aebeae197","redisson/src/main/java/org/redisson/executor/RemoteExecutorService.java","schedule(String, byte[], byte[], long, CronExpression, String, String)","schedule(String, byte[], byte[], long, String, String, String, String)"
"b38f6d0bede2934cb14bbd290c1def6aebeae197","redisson/src/main/java/org/redisson/executor/RemoteExecutorServiceAsync.java","schedule(String, byte[], byte[], long, CronExpression, String, String)","schedule(String, byte[], byte[], long, String, String, String, String)"
"b38f6d0bede2934cb14bbd290c1def6aebeae197","redisson/src/main/java/org/redisson/executor/TasksRunnerService.java","schedule(String, byte[], byte[], long, CronExpression, String, String)","schedule(String, byte[], byte[], long, String, String, String, String)"
"7c2dfebbaaea55546d378ddbab5eb887aecb679a","redisson/src/main/java/org/redisson/Redisson.java","enableRedissonReferenceSupport(Config)","enableRedissonReferenceSupport()"
"7c2dfebbaaea55546d378ddbab5eb887aecb679a","redisson/src/main/java/org/redisson/RedissonReactive.java","enableRedissonReferenceSupport(Config)","enableRedissonReferenceSupport()"
"9e22f3a23666431196da8be73744f275b33628cc","redisson/src/main/java/org/redisson/executor/RemoteExecutorService.java","schedule(String, byte[], byte[], long, String, String, String)","schedule(String, byte[], byte[], long, CronExpression, String, String)"
"9e22f3a23666431196da8be73744f275b33628cc","redisson/src/main/java/org/redisson/executor/RemoteExecutorServiceAsync.java","schedule(String, byte[], byte[], long, String, String, String)","schedule(String, byte[], byte[], long, CronExpression, String, String)"
"9e22f3a23666431196da8be73744f275b33628cc","redisson/src/main/java/org/redisson/executor/TasksRunnerService.java","schedule(String, byte[], byte[], long, String, String, String)","schedule(String, byte[], byte[], long, CronExpression, String, String)"
"e8dfd1e46c1d921e62400e01360295caec33917e","redisson/src/main/java/org/redisson/RedissonStream.java","readAsync(int, Collection<String>, StreamId)","readAsync(int, StreamId, Map<String,StreamId>)"
"e8dfd1e46c1d921e62400e01360295caec33917e","redisson/src/main/java/org/redisson/RedissonStream.java","readAsync(int, long, TimeUnit, Collection<String>, StreamId)","readAsync(int, long, TimeUnit, StreamId, Map<String,StreamId>)"
"e8dfd1e46c1d921e62400e01360295caec33917e","redisson/src/main/java/org/redisson/RedissonStream.java","read(int, Collection<String>, StreamId)","read(int, StreamId, Map<String,StreamId>)"
"e8dfd1e46c1d921e62400e01360295caec33917e","redisson/src/main/java/org/redisson/RedissonStream.java","read(int, long, TimeUnit, Collection<String>, StreamId)","read(int, long, TimeUnit, StreamId, Map<String,StreamId>)"
"e8dfd1e46c1d921e62400e01360295caec33917e","redisson/src/main/java/org/redisson/RedissonStream.java","readAsync(Collection<String>, StreamId)","readAsync(StreamId, Map<String,StreamId>)"
"e8dfd1e46c1d921e62400e01360295caec33917e","redisson/src/main/java/org/redisson/RedissonStream.java","readAsync(long, TimeUnit, Collection<String>, StreamId)","readAsync(long, TimeUnit, StreamId, Map<String,StreamId>)"
"e8dfd1e46c1d921e62400e01360295caec33917e","redisson/src/main/java/org/redisson/RedissonStream.java","read(Collection<String>, StreamId)","read(StreamId, Map<String,StreamId>)"
"e8dfd1e46c1d921e62400e01360295caec33917e","redisson/src/main/java/org/redisson/RedissonStream.java","read(long, TimeUnit, Collection<String>, StreamId)","read(long, TimeUnit, StreamId, Map<String,StreamId>)"
"7086b16ebf91d0823d94dcfc971b546ac76b4a05","redisson/src/main/java/org/redisson/RedissonBaseIterator.java","getValue(ScanObjectEntry)","getValue(Object)"
"7086b16ebf91d0823d94dcfc971b546ac76b4a05","redisson/src/main/java/org/redisson/RedissonBaseMapIterator.java","getValue(Map.Entry<ScanObjectEntry,ScanObjectEntry>)","getValue(Map.Entry<Object,Object>)"
"7086b16ebf91d0823d94dcfc971b546ac76b4a05","redisson/src/main/java/org/redisson/RedissonBaseMapIterator.java","put(Entry<ScanObjectEntry,ScanObjectEntry>, Object)","put(Entry<Object,Object>, Object)"
"7086b16ebf91d0823d94dcfc971b546ac76b4a05","redisson/src/main/java/org/redisson/RedissonKeys.java","remove(ScanObjectEntry)","remove(Object)"
"7086b16ebf91d0823d94dcfc971b546ac76b4a05","redisson/src/main/java/org/redisson/RedissonMap.java","getValue(java.util.Map.Entry<ScanObjectEntry,ScanObjectEntry>)","getValue(java.util.Map.Entry<Object,Object>)"
"7086b16ebf91d0823d94dcfc971b546ac76b4a05","redisson/src/main/java/org/redisson/RedissonMap.java","getValue(java.util.Map.Entry<ScanObjectEntry,ScanObjectEntry>)","getValue(java.util.Map.Entry<Object,Object>)"
"7086b16ebf91d0823d94dcfc971b546ac76b4a05","redisson/src/main/java/org/redisson/RedissonMapCache.java","operationComplete(Future<MapCacheScanResult<ScanObjectEntry,ScanObjectEntry>>)","operationComplete(Future<MapCacheScanResult<Object,Object>>)"
"7086b16ebf91d0823d94dcfc971b546ac76b4a05","redisson/src/main/java/org/redisson/RedissonMapIterator.java","put(Entry<ScanObjectEntry,ScanObjectEntry>, Object)","put(Entry<Object,Object>, Object)"
"7086b16ebf91d0823d94dcfc971b546ac76b4a05","redisson/src/main/java/org/redisson/RedissonMapIterator.java","remove(Entry<ScanObjectEntry,ScanObjectEntry>)","remove(Entry<Object,Object>)"
"7086b16ebf91d0823d94dcfc971b546ac76b4a05","redisson/src/main/java/org/redisson/RedissonMultiMapKeysIterator.java","put(Entry<ScanObjectEntry,ScanObjectEntry>, Object)","put(Entry<Object,Object>, Object)"
"7086b16ebf91d0823d94dcfc971b546ac76b4a05","redisson/src/main/java/org/redisson/RedissonMultiMapKeysIterator.java","remove(Entry<ScanObjectEntry,ScanObjectEntry>)","remove(Entry<Object,Object>)"
"7086b16ebf91d0823d94dcfc971b546ac76b4a05","redisson/src/main/java/org/redisson/RedissonMultimap.java","getValue(java.util.Map.Entry<ScanObjectEntry,ScanObjectEntry>)","getValue(java.util.Map.Entry<Object,Object>)"
"7086b16ebf91d0823d94dcfc971b546ac76b4a05","redisson/src/main/java/org/redisson/RedissonScoredSortedSet.java","remove(ScanObjectEntry)","remove(Object)"
"7086b16ebf91d0823d94dcfc971b546ac76b4a05","redisson/src/main/java/org/redisson/RedissonSet.java","remove(ScanObjectEntry)","remove(Object)"
"7086b16ebf91d0823d94dcfc971b546ac76b4a05","redisson/src/main/java/org/redisson/RedissonSetCache.java","remove(ScanObjectEntry)","remove(Object)"
"7086b16ebf91d0823d94dcfc971b546ac76b4a05","redisson/src/main/java/org/redisson/RedissonSetMultimapValues.java","remove(ScanObjectEntry)","remove(Object)"
"7086b16ebf91d0823d94dcfc971b546ac76b4a05","redisson/src/main/java/org/redisson/jcache/JCache.java","getValue(Map.Entry<ScanObjectEntry,ScanObjectEntry>)","getValue(Map.Entry<Object,Object>)"
"7086b16ebf91d0823d94dcfc971b546ac76b4a05","redisson/src/main/java/org/redisson/jcache/JCache.java","remove(java.util.Map.Entry<ScanObjectEntry,ScanObjectEntry>)","remove(java.util.Map.Entry<Object,Object>)"
"7086b16ebf91d0823d94dcfc971b546ac76b4a05","redisson/src/main/java/org/redisson/jcache/JCache.java","put(java.util.Map.Entry<ScanObjectEntry,ScanObjectEntry>, Object)","put(java.util.Map.Entry<Object,Object>, Object)"
"7086b16ebf91d0823d94dcfc971b546ac76b4a05","redisson/src/main/java/org/redisson/jcache/JCache.java","getValue(Map.Entry<ScanObjectEntry,ScanObjectEntry>)","getValue(Map.Entry<Object,Object>)"
"7086b16ebf91d0823d94dcfc971b546ac76b4a05","redisson/src/main/java/org/redisson/jcache/JCache.java","remove(Map.Entry<ScanObjectEntry,ScanObjectEntry>)","remove(Map.Entry<Object,Object>)"
"7086b16ebf91d0823d94dcfc971b546ac76b4a05","redisson/src/main/java/org/redisson/jcache/JCache.java","put(java.util.Map.Entry<ScanObjectEntry,ScanObjectEntry>, Object)","put(java.util.Map.Entry<Object,Object>, Object)"
"7086b16ebf91d0823d94dcfc971b546ac76b4a05","redisson/src/main/java/org/redisson/reactive/RedissonMapCacheReactive.java","getValue(Entry<ScanObjectEntry,ScanObjectEntry>)","getValue(Entry<Object,Object>)"
"7086b16ebf91d0823d94dcfc971b546ac76b4a05","redisson/src/main/java/org/redisson/reactive/RedissonMapCacheReactive.java","getValue(Entry<ScanObjectEntry,ScanObjectEntry>)","getValue(Entry<Object,Object>)"
"7086b16ebf91d0823d94dcfc971b546ac76b4a05","redisson/src/main/java/org/redisson/reactive/RedissonMapReactive.java","getValue(Entry<ScanObjectEntry,ScanObjectEntry>)","getValue(Entry<Object,Object>)"
"7086b16ebf91d0823d94dcfc971b546ac76b4a05","redisson/src/main/java/org/redisson/reactive/RedissonMapReactive.java","getValue(Entry<ScanObjectEntry,ScanObjectEntry>)","getValue(Entry<Object,Object>)"
"7086b16ebf91d0823d94dcfc971b546ac76b4a05","redisson/src/main/java/org/redisson/reactive/RedissonMapReactiveIterator.java","onNext(MapScanResult<ScanObjectEntry,ScanObjectEntry>)","onNext(MapScanResult<Object,Object>)"
"7086b16ebf91d0823d94dcfc971b546ac76b4a05","redisson/src/main/java/org/redisson/reactive/RedissonMapReactiveIterator.java","getValue(Entry<ScanObjectEntry,ScanObjectEntry>)","getValue(Entry<Object,Object>)"
"7086b16ebf91d0823d94dcfc971b546ac76b4a05","redisson/src/main/java/org/redisson/reactive/SetReactiveIterator.java","onNext(ListScanResult<ScanObjectEntry>)","onNext(ListScanResult<Object>)"
"14b39b20ffd0a9ea21cf8ecea620e6d67b16e16d","redisson/src/main/java/org/redisson/connection/balancer/LoadBalancerManager.java","changeType(RedisClient, NodeType)","changeType(InetSocketAddress, NodeType)"
"cc29a54eaacdd8fdacc40bf051c3acbc2b08e2e6","redisson/src/main/java/org/redisson/RedissonBaseMapIterator.java","setValue(V)","setValue(Object)"
"cc29a54eaacdd8fdacc40bf051c3acbc2b08e2e6","redisson/src/main/java/org/redisson/RedissonBaseMapIterator.java","getValue(Entry<ScanObjectEntry,ScanObjectEntry>)","getValue(Map.Entry<ScanObjectEntry,ScanObjectEntry>)"
"cc29a54eaacdd8fdacc40bf051c3acbc2b08e2e6","redisson/src/main/java/org/redisson/RedissonBaseMapIterator.java","put(Entry<ScanObjectEntry,ScanObjectEntry>, V)","put(Entry<ScanObjectEntry,ScanObjectEntry>, Object)"
"cc29a54eaacdd8fdacc40bf051c3acbc2b08e2e6","redisson/src/main/java/org/redisson/RedissonKeys.java","remove(String)","remove(ScanObjectEntry)"
"cc29a54eaacdd8fdacc40bf051c3acbc2b08e2e6","redisson/src/main/java/org/redisson/RedissonMapIterator.java","put(Entry<ScanObjectEntry,ScanObjectEntry>, V)","put(Entry<ScanObjectEntry,ScanObjectEntry>, Object)"
"cc29a54eaacdd8fdacc40bf051c3acbc2b08e2e6","redisson/src/main/java/org/redisson/RedissonMultiMapKeysIterator.java","put(Entry<ScanObjectEntry,ScanObjectEntry>, V)","put(Entry<ScanObjectEntry,ScanObjectEntry>, Object)"
"cc29a54eaacdd8fdacc40bf051c3acbc2b08e2e6","redisson/src/main/java/org/redisson/RedissonScoredSortedSet.java","remove(V)","remove(ScanObjectEntry)"
"cc29a54eaacdd8fdacc40bf051c3acbc2b08e2e6","redisson/src/main/java/org/redisson/RedissonSet.java","remove(V)","remove(ScanObjectEntry)"
"cc29a54eaacdd8fdacc40bf051c3acbc2b08e2e6","redisson/src/main/java/org/redisson/RedissonSetCache.java","remove(V)","remove(ScanObjectEntry)"
"cc29a54eaacdd8fdacc40bf051c3acbc2b08e2e6","redisson/src/main/java/org/redisson/RedissonSetMultimapValues.java","remove(V)","remove(ScanObjectEntry)"
"cc29a54eaacdd8fdacc40bf051c3acbc2b08e2e6","redisson/src/main/java/org/redisson/jcache/JCache.java","put(Map.Entry<ScanObjectEntry,ScanObjectEntry>, V)","put(java.util.Map.Entry<ScanObjectEntry,ScanObjectEntry>, Object)"
"cc29a54eaacdd8fdacc40bf051c3acbc2b08e2e6","redisson/src/main/java/org/redisson/jcache/JCache.java","put(Map.Entry<ScanObjectEntry,ScanObjectEntry>, V)","put(java.util.Map.Entry<ScanObjectEntry,ScanObjectEntry>, Object)"
"cc29a54eaacdd8fdacc40bf051c3acbc2b08e2e6","redisson/src/test/java/org/redisson/RedissonTest.java","remove(Integer)","remove(ScanObjectEntry)"
"d5b930618c1db98f71ff8bb5f81feb1e0dd067c7","redisson/src/main/java/org/redisson/transaction/RedissonTransaction.java","enableLocalCache(String, Map<TransactionalOperation,List<byte[]>>)","enableLocalCache(String, Map<HashKey,HashValue>)"
"3fd1015f209744fea86a2b8567e5feb7121269f5","redisson/src/main/java/org/redisson/command/CommandBatchService.java","execute(int, long, boolean, long, int, long, boolean)","execute(BatchOptions)"
"3fd1015f209744fea86a2b8567e5feb7121269f5","redisson/src/main/java/org/redisson/command/CommandBatchService.java","executeAsync(int, long, boolean, long, int, long, boolean)","executeAsync(BatchOptions)"
"3fd1015f209744fea86a2b8567e5feb7121269f5","redisson/src/main/java/org/redisson/command/CommandBatchService.java","execute(Entry, NodeSource, RPromise<Void>, AtomicInteger, int, boolean, long, int, long, boolean)","execute(Entry, NodeSource, RPromise<Void>, AtomicInteger, int, BatchOptions)"
"ac5365a098f467b04eacce35c458dd3a5a382367","redisson/src/main/java/org/redisson/connection/MasterSlaveEntry.java","slaveDown(ClientConnectionsEntry, boolean)","slaveDown(ClientConnectionsEntry)"
"ac5365a098f467b04eacce35c458dd3a5a382367","redisson/src/main/java/org/redisson/pubsub/PublishSubscribe.java","unsubscribe(E, String, String, ConnectionManager)","unsubscribe(E, String, String, PublishSubscribeService)"
"ac5365a098f467b04eacce35c458dd3a5a382367","redisson/src/main/java/org/redisson/pubsub/PublishSubscribe.java","subscribe(String, String, ConnectionManager)","subscribe(String, String, PublishSubscribeService)"
"6a0537cf1b348046fb68bdf7721cba855ca29237","redisson/src/main/java/org/redisson/connection/ConnectionManager.java","unsubscribe(String, boolean)","unsubscribe(String, PubSubType)"
"6a0537cf1b348046fb68bdf7721cba855ca29237","redisson/src/main/java/org/redisson/connection/MasterSlaveConnectionManager.java","unsubscribe(String, boolean)","unsubscribe(String, PubSubType)"
"6a0537cf1b348046fb68bdf7721cba855ca29237","redisson/src/main/java/org/redisson/connection/MasterSlaveEntry.java","reattachPubSubListeners(String, Collection<RedisPubSubListener<?>>, boolean)","reattachPubSubListeners(String, Collection<RedisPubSubListener<?>>, PubSubType)"
"a99682f240dc09efb339f427800edbddc4b74a9d","redisson/src/main/java/org/redisson/connection/SentinelConnectionManager.java","registerSentinel(SentinelServersConfig, URI, MasterSlaveServersConfig)","registerSentinel(URI, MasterSlaveServersConfig)"
"a99682f240dc09efb339f427800edbddc4b74a9d","redisson/src/main/java/org/redisson/connection/SentinelConnectionManager.java","onSentinelAdded(SentinelServersConfig, String, MasterSlaveServersConfig)","onSentinelAdded(String, MasterSlaveServersConfig)"
"a99682f240dc09efb339f427800edbddc4b74a9d","redisson/src/main/java/org/redisson/connection/SentinelConnectionManager.java","onMasterChange(SentinelServersConfig, URI, String)","onMasterChange(URI, String)"
"2b559475f024eaefff289a7c2e0f21dccd6064e5","redisson/src/main/java/org/redisson/reactive/RedissonLockReactive.java","createLock(CommandAsyncExecutor, String, UUID)","createLock(CommandAsyncExecutor, String)"
"2b559475f024eaefff289a7c2e0f21dccd6064e5","redisson/src/main/java/org/redisson/reactive/RedissonReadWriteLockReactive.java","createLock(CommandAsyncExecutor, String, UUID)","createLock(CommandAsyncExecutor, String)"
"2b559475f024eaefff289a7c2e0f21dccd6064e5","redisson/src/main/java/org/redisson/reactive/RedissonReadWriteLockReactive.java","createLock(CommandAsyncExecutor, String, UUID)","createLock(CommandAsyncExecutor, String)"
"2b559475f024eaefff289a7c2e0f21dccd6064e5","redisson/src/main/java/org/redisson/reactive/RedissonSemaphoreReactive.java","createLock(CommandAsyncExecutor, String, UUID)","createLock(CommandAsyncExecutor, String)"
"47becf1ee5c933e8f951129730cae9a58c3441f9","redisson/src/main/java/org/redisson/spring/session/RedissonSessionRepository.java","setLastAccessedTime(long)","setLastAccessedTime(Instant)"
"e234d6ca7742bf5a508c6189b24b2e4fe47fd98d","redisson/src/main/java/org/redisson/RedissonBaseAdder.java","operationComplete(Future<Integer>)","operationComplete(Future<Long>)"
"e234d6ca7742bf5a508c6189b24b2e4fe47fd98d","redisson/src/main/java/org/redisson/RedissonBaseAdder.java","operationComplete(Future<Integer>)","operationComplete(Future<Long>)"
"67cebd0e0f649549f9c9d8fdd4089d64faaefe63","redisson/src/main/java/org/redisson/command/CommandBatchService.java","checkWriteFuture(Entry, RPromise<Void>, AsyncDetails, RedisConnection, ChannelFuture, boolean, long, int)","checkWriteFuture(Entry, RPromise<Void>, AsyncDetails, RedisConnection, ChannelFuture, long, int)"
"09b2724c44567035c8806bfe4a79bdf355c816b8","redisson/src/main/java/org/redisson/client/RedisClientConfig.java","setAddress(InetAddress, URI)","setAddress(InetSocketAddress, URI)"
"09b2724c44567035c8806bfe4a79bdf355c816b8","redisson/src/main/java/org/redisson/connection/MasterSlaveEntry.java","slaveDown(RedisClient, FreezeReason)","slaveDown(ClientConnectionsEntry, FreezeReason)"
"8a14faec43334e911b6c6dcf23bf933c48be23a8","redisson/src/main/java/org/redisson/BaseRemoteService.java","cancelExecution(RemoteInvocationOptions, boolean, RemotePromise<Object>, RFuture<RRemoteServiceResponse>)","cancelExecution(RemoteInvocationOptions, boolean, RemotePromise<Object>)"
"b9d9f87043677aa1524f211e42dbdd704d740ef3","redisson/src/main/java/org/redisson/RedisClientResult.java","setRedisClient(InetSocketAddress)","setRedisClient(RedisClient)"
"b9d9f87043677aa1524f211e42dbdd704d740ef3","redisson/src/main/java/org/redisson/RedissonKeys.java","scanIterator(InetSocketAddress, MasterSlaveEntry, long, String, int)","scanIterator(RedisClient, MasterSlaveEntry, long, String, int)"
"b9d9f87043677aa1524f211e42dbdd704d740ef3","redisson/src/main/java/org/redisson/RedissonKeys.java","iterator(InetSocketAddress, long)","iterator(RedisClient, long)"
"b9d9f87043677aa1524f211e42dbdd704d740ef3","redisson/src/main/java/org/redisson/RedissonScoredSortedSet.java","scanIterator(InetSocketAddress, long)","scanIterator(RedisClient, long)"
"b9d9f87043677aa1524f211e42dbdd704d740ef3","redisson/src/main/java/org/redisson/RedissonScoredSortedSet.java","iterator(InetSocketAddress, long)","iterator(RedisClient, long)"
"b9d9f87043677aa1524f211e42dbdd704d740ef3","redisson/src/main/java/org/redisson/RedissonSet.java","scanIterator(String, InetSocketAddress, long, String)","scanIterator(String, RedisClient, long, String)"
"b9d9f87043677aa1524f211e42dbdd704d740ef3","redisson/src/main/java/org/redisson/RedissonSet.java","iterator(InetSocketAddress, long)","iterator(RedisClient, long)"
"b9d9f87043677aa1524f211e42dbdd704d740ef3","redisson/src/main/java/org/redisson/RedissonSetCache.java","scanIterator(String, InetSocketAddress, long, String)","scanIterator(String, RedisClient, long, String)"
"b9d9f87043677aa1524f211e42dbdd704d740ef3","redisson/src/main/java/org/redisson/RedissonSetCache.java","scanIteratorAsync(String, InetSocketAddress, long, String)","scanIteratorAsync(String, RedisClient, long, String)"
"b9d9f87043677aa1524f211e42dbdd704d740ef3","redisson/src/main/java/org/redisson/RedissonSetCache.java","iterator(InetSocketAddress, long)","iterator(RedisClient, long)"
"b9d9f87043677aa1524f211e42dbdd704d740ef3","redisson/src/main/java/org/redisson/RedissonSetMultimapValues.java","scanIterator(InetSocketAddress, long, String)","scanIterator(RedisClient, long, String)"
"b9d9f87043677aa1524f211e42dbdd704d740ef3","redisson/src/main/java/org/redisson/RedissonSetMultimapValues.java","iterator(InetSocketAddress, long)","iterator(RedisClient, long)"
"b9d9f87043677aa1524f211e42dbdd704d740ef3","redisson/src/main/java/org/redisson/ScanIterator.java","scanIterator(String, InetSocketAddress, long, String)","scanIterator(String, RedisClient, long, String)"
"b9d9f87043677aa1524f211e42dbdd704d740ef3","redisson/src/main/java/org/redisson/client/protocol/decoder/ListScanResult.java","setRedisClient(InetSocketAddress)","setRedisClient(RedisClient)"
"b9d9f87043677aa1524f211e42dbdd704d740ef3","redisson/src/main/java/org/redisson/client/protocol/decoder/MapScanResult.java","setRedisClient(InetSocketAddress)","setRedisClient(RedisClient)"
"b9d9f87043677aa1524f211e42dbdd704d740ef3","redisson/src/main/java/org/redisson/cluster/ClusterConnectionManager.java","checkSlotsChange(ClusterServersConfig, Collection<ClusterPartition>, String)","checkSlotsChange(ClusterServersConfig, Collection<ClusterPartition>)"
"b9d9f87043677aa1524f211e42dbdd704d740ef3","redisson/src/main/java/org/redisson/cluster/ClusterConnectionManager.java","checkSlotsMigration(Collection<ClusterPartition>, String)","checkSlotsMigration(Collection<ClusterPartition>)"
"b9d9f87043677aa1524f211e42dbdd704d740ef3","redisson/src/main/java/org/redisson/command/CommandAsyncService.java","readAsync(InetSocketAddress, MasterSlaveEntry, Codec, RedisCommand<T>, Object)","readAsync(RedisClient, MasterSlaveEntry, Codec, RedisCommand<T>, Object)"
"b9d9f87043677aa1524f211e42dbdd704d740ef3","redisson/src/main/java/org/redisson/command/CommandAsyncService.java","readAsync(InetSocketAddress, String, Codec, RedisCommand<T>, Object)","readAsync(RedisClient, String, Codec, RedisCommand<T>, Object)"
"b9d9f87043677aa1524f211e42dbdd704d740ef3","redisson/src/main/java/org/redisson/command/CommandAsyncService.java","readAsync(Integer, Codec, RedisCommand<T>, Object)","readAsync(RedisClient, Codec, RedisCommand<T>, Object)"
"b9d9f87043677aa1524f211e42dbdd704d740ef3","redisson/src/main/java/org/redisson/command/CommandAsyncService.java","evalReadAsync(Integer, Codec, RedisCommand<T>, String, List<Object>, Object)","evalReadAsync(RedisClient, String, Codec, RedisCommand<T>, String, List<Object>, Object)"
"b9d9f87043677aa1524f211e42dbdd704d740ef3","redisson/src/main/java/org/redisson/command/CommandReactiveService.java","readReactive(InetSocketAddress, String, Codec, RedisCommand<T>, Object)","readReactive(RedisClient, String, Codec, RedisCommand<T>, Object)"
"b9d9f87043677aa1524f211e42dbdd704d740ef3","redisson/src/main/java/org/redisson/connection/ConnectionManager.java","getEntry(InetSocketAddress)","getEntry(RedisClient)"
"b9d9f87043677aa1524f211e42dbdd704d740ef3","redisson/src/main/java/org/redisson/connection/MasterSlaveConnectionManager.java","getEntry(InetSocketAddress)","getEntry(URI)"
"b9d9f87043677aa1524f211e42dbdd704d740ef3","redisson/src/main/java/org/redisson/connection/MasterSlaveEntry.java","hasSlave(InetSocketAddress)","hasSlave(RedisClient)"
"b9d9f87043677aa1524f211e42dbdd704d740ef3","redisson/src/main/java/org/redisson/connection/MasterSlaveEntry.java","hasSlave(String)","hasSlave(URI)"
"b9d9f87043677aa1524f211e42dbdd704d740ef3","redisson/src/main/java/org/redisson/connection/MasterSlaveEntry.java","operationComplete(Future<Void>)","operationComplete(Future<InetSocketAddress>)"
"b9d9f87043677aa1524f211e42dbdd704d740ef3","redisson/src/main/java/org/redisson/connection/MasterSlaveEntry.java","connectionReadOp(RedisCommand<?>, InetSocketAddress)","connectionReadOp(RedisCommand<?>, URI)"
"b9d9f87043677aa1524f211e42dbdd704d740ef3","redisson/src/main/java/org/redisson/connection/SingleEntry.java","connectionReadOp(RedisCommand<?>, InetSocketAddress)","connectionReadOp(RedisCommand<?>, URI)"
"b9d9f87043677aa1524f211e42dbdd704d740ef3","redisson/src/main/java/org/redisson/connection/balancer/LoadBalancerManager.java","changeType(InetSocketAddress, NodeType)","changeType(RedisClient, NodeType)"
"b9d9f87043677aa1524f211e42dbdd704d740ef3","redisson/src/main/java/org/redisson/connection/balancer/LoadBalancerManager.java","changeType(Object, NodeType, ClientConnectionsEntry)","changeType(NodeType, ClientConnectionsEntry)"
"b9d9f87043677aa1524f211e42dbdd704d740ef3","redisson/src/main/java/org/redisson/connection/balancer/LoadBalancerManager.java","operationComplete(Future<Void>)","operationComplete(io.netty.util.concurrent.Future<Object>)"
"b9d9f87043677aa1524f211e42dbdd704d740ef3","redisson/src/main/java/org/redisson/connection/balancer/LoadBalancerManager.java","contains(InetSocketAddress)","contains(URI)"
"b9d9f87043677aa1524f211e42dbdd704d740ef3","redisson/src/main/java/org/redisson/connection/balancer/LoadBalancerManager.java","contains(String)","contains(RedisClient)"
"b9d9f87043677aa1524f211e42dbdd704d740ef3","redisson/src/main/java/org/redisson/connection/balancer/LoadBalancerManager.java","getConnection(RedisCommand<?>, InetSocketAddress)","getConnection(RedisCommand<?>, URI)"
"b9d9f87043677aa1524f211e42dbdd704d740ef3","redisson/src/main/java/org/redisson/reactive/RedissonScoredSortedSetReactive.java","scanIteratorReactive(InetSocketAddress, long)","scanIteratorReactive(RedisClient, long)"
"b9d9f87043677aa1524f211e42dbdd704d740ef3","redisson/src/main/java/org/redisson/reactive/RedissonScoredSortedSetReactive.java","scanIteratorReactive(InetSocketAddress, long)","scanIteratorReactive(RedisClient, long)"
"b9d9f87043677aa1524f211e42dbdd704d740ef3","redisson/src/main/java/org/redisson/reactive/RedissonSetCacheReactive.java","scanIterator(InetSocketAddress, long)","scanIterator(RedisClient, long)"
"b9d9f87043677aa1524f211e42dbdd704d740ef3","redisson/src/main/java/org/redisson/reactive/RedissonSetCacheReactive.java","scanIteratorReactive(InetSocketAddress, long)","scanIteratorReactive(RedisClient, long)"
"b9d9f87043677aa1524f211e42dbdd704d740ef3","redisson/src/main/java/org/redisson/reactive/RedissonSetReactive.java","scanIteratorReactive(InetSocketAddress, long)","scanIteratorReactive(RedisClient, long)"
"b9d9f87043677aa1524f211e42dbdd704d740ef3","redisson/src/main/java/org/redisson/reactive/RedissonSetReactive.java","scanIteratorReactive(InetSocketAddress, long)","scanIteratorReactive(RedisClient, long)"
"b9d9f87043677aa1524f211e42dbdd704d740ef3","redisson/src/test/java/org/redisson/RedissonTest.java","iterator(InetSocketAddress, long)","iterator(RedisClient, long)"
"b9d9f87043677aa1524f211e42dbdd704d740ef3","redisson/src/test/java/org/redisson/RedissonTest.java","iterator(InetSocketAddress, long)","iterator(RedisClient, long)"
"a5c26a13dca405b56138e6da4f4a0c36d8223346","redisson/src/main/java/org/redisson/BaseRemoteService.java","awaitResultAsync(RemoteInvocationOptions, RemotePromise<Object>, RemoteServiceRequest, String, RFuture<RRemoteServiceResponse>)","awaitResultAsync(RemoteInvocationOptions, RemotePromise<Object>, String, RFuture<RRemoteServiceResponse>)"
"a5c26a13dca405b56138e6da4f4a0c36d8223346","redisson/src/main/java/org/redisson/BaseRemoteService.java","awaitResultAsync(RemoteInvocationOptions, RemotePromise<Object>, RemoteServiceRequest, RFuture<RRemoteServiceResponse>)","awaitResultAsync(RemoteInvocationOptions, RemotePromise<Object>, RFuture<RRemoteServiceResponse>)"
"a5c26a13dca405b56138e6da4f4a0c36d8223346","redisson/src/main/java/org/redisson/BaseRemoteService.java","poll(long, String, boolean)","poll(long, RequestId, boolean)"
"a5c26a13dca405b56138e6da4f4a0c36d8223346","redisson/src/main/java/org/redisson/BaseRemoteService.java","tryPollAckAgainAsync(RemoteInvocationOptions, String, String)","tryPollAckAgainAsync(RemoteInvocationOptions, String, RequestId)"
"a5c26a13dca405b56138e6da4f4a0c36d8223346","redisson/src/main/java/org/redisson/BaseRemoteService.java","scheduleCheck(String, String, RPromise<T>)","scheduleCheck(String, RequestId, RPromise<T>)"
"a5c26a13dca405b56138e6da4f4a0c36d8223346","redisson/src/main/java/org/redisson/BaseRemoteService.java","addAsync(RBlockingQueue<RemoteServiceRequest>, RemoteServiceRequest, RemotePromise<Object>)","addAsync(String, RemoteServiceRequest, RemotePromise<Object>)"
"a5c26a13dca405b56138e6da4f4a0c36d8223346","redisson/src/main/java/org/redisson/BaseRemoteService.java","removeAsync(RBlockingQueue<RemoteServiceRequest>, RemoteServiceRequest)","removeAsync(String, RequestId)"
"a5c26a13dca405b56138e6da4f4a0c36d8223346","redisson/src/main/java/org/redisson/BaseRemoteService.java","cancelExecution(RemoteInvocationOptions, RemoteServiceRequest, boolean, RemotePromise<Object>, RFuture<RRemoteServiceResponse>)","cancelExecution(RemoteInvocationOptions, boolean, RemotePromise<Object>, RFuture<RRemoteServiceResponse>)"
"a5c26a13dca405b56138e6da4f4a0c36d8223346","redisson/src/main/java/org/redisson/RedissonRemoteService.java","subscribe(Class<T>, RBlockingQueue<RemoteServiceRequest>, ExecutorService)","subscribe(Class<T>, RBlockingQueue<String>, ExecutorService)"
"a5c26a13dca405b56138e6da4f4a0c36d8223346","redisson/src/main/java/org/redisson/RedissonRemoteService.java","executeMethod(Class<T>, RBlockingQueue<RemoteServiceRequest>, ExecutorService, RemoteServiceRequest)","executeMethod(Class<T>, RBlockingQueue<String>, ExecutorService, RemoteServiceRequest)"
"a5c26a13dca405b56138e6da4f4a0c36d8223346","redisson/src/main/java/org/redisson/RedissonRemoteService.java","invokeMethod(Class<T>, RBlockingQueue<RemoteServiceRequest>, RemoteServiceRequest, RemoteServiceMethod, String, ExecutorService, RFuture<RemoteServiceCancelRequest>, AtomicReference<RRemoteServiceResponse>)","invokeMethod(Class<T>, RBlockingQueue<String>, RemoteServiceRequest, RemoteServiceMethod, String, ExecutorService, RFuture<RemoteServiceCancelRequest>, AtomicReference<RRemoteServiceResponse>)"
"a5c26a13dca405b56138e6da4f4a0c36d8223346","redisson/src/main/java/org/redisson/executor/ScheduledTasksService.java","setRequestId(String)","setRequestId(RequestId)"
"a5c26a13dca405b56138e6da4f4a0c36d8223346","redisson/src/main/java/org/redisson/executor/ScheduledTasksService.java","addAsync(RBlockingQueue<RemoteServiceRequest>, RemoteServiceRequest)","addAsync(String, RemoteServiceRequest)"
"a5c26a13dca405b56138e6da4f4a0c36d8223346","redisson/src/main/java/org/redisson/executor/ScheduledTasksService.java","awaitResultAsync(RemoteInvocationOptions, RemotePromise<Object>, RemoteServiceRequest, RFuture<RRemoteServiceResponse>)","awaitResultAsync(RemoteInvocationOptions, RemotePromise<Object>, RFuture<RRemoteServiceResponse>)"
"a5c26a13dca405b56138e6da4f4a0c36d8223346","redisson/src/main/java/org/redisson/executor/ScheduledTasksService.java","removeAsync(RBlockingQueue<RemoteServiceRequest>, RemoteServiceRequest)","removeAsync(String, RequestId)"
"a5c26a13dca405b56138e6da4f4a0c36d8223346","redisson/src/main/java/org/redisson/executor/TasksService.java","addAsync(RBlockingQueue<RemoteServiceRequest>, RemoteServiceRequest, RemotePromise<Object>)","addAsync(String, RemoteServiceRequest, RemotePromise<Object>)"
"a5c26a13dca405b56138e6da4f4a0c36d8223346","redisson/src/main/java/org/redisson/executor/TasksService.java","addAsync(RBlockingQueue<RemoteServiceRequest>, RemoteServiceRequest)","addAsync(String, RemoteServiceRequest)"
"a5c26a13dca405b56138e6da4f4a0c36d8223346","redisson/src/main/java/org/redisson/executor/TasksService.java","removeAsync(RBlockingQueue<RemoteServiceRequest>, RemoteServiceRequest)","removeAsync(String, RequestId)"
"a5c26a13dca405b56138e6da4f4a0c36d8223346","redisson/src/main/java/org/redisson/executor/TasksService.java","cancelExecutionAsync(String)","cancelExecutionAsync(RequestId)"
"4c8f966713b38a76bbbc7f21713c472bdd273678","redisson/src/main/java/org/redisson/BaseRemoteService.java","getAckName(Class<?>, String)","getAckName(String)"
"4c8f966713b38a76bbbc7f21713c472bdd273678","redisson/src/main/java/org/redisson/BaseRemoteService.java","getResponseQueueName(Class<?>, String)","getResponseQueueName(String)"
"4c8f966713b38a76bbbc7f21713c472bdd273678","redisson/src/main/java/org/redisson/BaseRemoteService.java","cancel(Class<?>, String, RemoteServiceRequest, boolean)","cancel(String, RemoteServiceRequest, boolean)"
"4c8f966713b38a76bbbc7f21713c472bdd273678","redisson/src/main/java/org/redisson/BaseRemoteService.java","awaitResultAsync(RemoteInvocationOptions, RemotePromise<Object>, RemoteServiceRequest, String, String)","awaitResultAsync(RemoteInvocationOptions, RemotePromise<Object>, RemoteServiceRequest)"
"4c8f966713b38a76bbbc7f21713c472bdd273678","redisson/src/main/java/org/redisson/BaseRemoteService.java","poll(long, String, String)","poll(long, String)"
"4c8f966713b38a76bbbc7f21713c472bdd273678","redisson/src/main/java/org/redisson/BaseRemoteService.java","pollTasks(ResponseEntry, String)","pollTasks(ResponseEntry)"
"4c8f966713b38a76bbbc7f21713c472bdd273678","redisson/src/main/java/org/redisson/BaseRemoteService.java","tryPollAckAgainAsync(RemoteInvocationOptions, String, String, String)","tryPollAckAgainAsync(RemoteInvocationOptions, String, String)"
"4c8f966713b38a76bbbc7f21713c472bdd273678","redisson/src/main/java/org/redisson/BaseRemoteService.java","cancelExecution(RemoteInvocationOptions, String, RemoteServiceRequest, boolean, String, RemotePromise<Object>)","cancelExecution(RemoteInvocationOptions, RemoteServiceRequest, boolean, RemotePromise<Object>)"
"e4b752a33927d45c430ddb5f96c52befc1f7d853","redisson/src/main/java/org/redisson/BaseRemoteService.java","tryPollAckAgainAsync(RemoteInvocationOptions, RPromise<RemoteServiceAck>, String)","tryPollAckAgainAsync(RemoteInvocationOptions, String, String, String)"
"8ffedea17342ae5062362033f85b8b55eb1b17a4","redisson/src/main/java/org/redisson/BaseRemoteService.java","tryPollAckAgainAsync(RemoteInvocationOptions, RBlockingQueue<RemoteServiceAck>, String)","tryPollAckAgainAsync(RemoteInvocationOptions, RPromise<RemoteServiceAck>, String)"
"8ffedea17342ae5062362033f85b8b55eb1b17a4","redisson/src/main/java/org/redisson/RedissonRemoteService.java","operationComplete(Future<List<?>>)","operationComplete(Future<Void>)"
"8ffedea17342ae5062362033f85b8b55eb1b17a4","redisson/src/main/java/org/redisson/executor/ScheduledTasksService.java","run(Timeout)","run()"
"f070392afabcf591579616535a0a719aa9f06248","redisson/src/main/java/org/redisson/RedissonNode.java","create(RedissonNodeConfig, Redisson)","create(RedissonNodeConfig, RedissonClient)"
"0f05261db1f01bce78b1b7d219dd31b0d3082685","redisson/src/main/java/org/redisson/RedissonBloomFilter.java","hash(byte[], int, long)","hash(long, long, int, long)"
"0f05261db1f01bce78b1b7d219dd31b0d3082685","redisson/src/main/java/org/redisson/RedissonLocalCachedMap.java","toCacheKey(byte[])","toCacheKey(ByteBuf)"
"0f05261db1f01bce78b1b7d219dd31b0d3082685","redisson/src/main/java/org/redisson/RedissonMultimap.java","hash(byte[])","hash(ByteBuf)"
"0f05261db1f01bce78b1b7d219dd31b0d3082685","redisson/src/main/java/org/redisson/liveobject/resolver/DefaultNamingScheme.java","bytesToHex(byte[])","bytesToHex(ByteBuf)"
"0f05261db1f01bce78b1b7d219dd31b0d3082685","redisson/src/main/java/org/redisson/misc/Hash.java","hash(byte[])","hash(ByteBuf)"
"0f05261db1f01bce78b1b7d219dd31b0d3082685","redisson/src/main/java/org/redisson/misc/Hash.java","hashToBase64(byte[])","hashToBase64(ByteBuf)"
"f24955846b6dfef25e835d57a81468749ccc2abc","redisson/src/main/java/org/redisson/connection/MasterSlaveEntry.java","slaveDown(String, int, FreezeReason)","slaveDown(URI, FreezeReason)"
"f24955846b6dfef25e835d57a81468749ccc2abc","redisson/src/main/java/org/redisson/connection/MasterSlaveEntry.java","slaveUp(String, int, FreezeReason)","slaveUp(URI, FreezeReason)"
"f24955846b6dfef25e835d57a81468749ccc2abc","redisson/src/main/java/org/redisson/connection/balancer/LoadBalancerManager.java","unfreeze(String, int, FreezeReason)","unfreeze(URI, FreezeReason)"
"f24955846b6dfef25e835d57a81468749ccc2abc","redisson/src/main/java/org/redisson/connection/balancer/LoadBalancerManager.java","freeze(String, int, FreezeReason)","freeze(URI, FreezeReason)"
"f19e050e65205a77bf94e5b723b670433fc79290","redisson/src/main/java/org/redisson/spring/session/RedissonSessionRepository.java","publishEvent(Object)","publishEvent(ApplicationEvent)"
"01012972bfccb29a442a8d4f8bc4c4a06df8b244","redisson/src/main/java/org/redisson/spring/cache/CacheConfig.java","toJSON(Map<String,CacheConfig>)","toJSON(Map<String,? extends CacheConfig>)"
"01012972bfccb29a442a8d4f8bc4c4a06df8b244","redisson/src/main/java/org/redisson/spring/cache/CacheConfig.java","toYAML(Map<String,CacheConfig>)","toYAML(Map<String,? extends CacheConfig>)"
"01012972bfccb29a442a8d4f8bc4c4a06df8b244","redisson/src/main/java/org/redisson/spring/cache/CacheConfigSupport.java","toJSON(Map<String,CacheConfig>)","toJSON(Map<String,? extends CacheConfig>)"
"01012972bfccb29a442a8d4f8bc4c4a06df8b244","redisson/src/main/java/org/redisson/spring/cache/CacheConfigSupport.java","toYAML(Map<String,CacheConfig>)","toYAML(Map<String,? extends CacheConfig>)"
"01012972bfccb29a442a8d4f8bc4c4a06df8b244","redisson/src/main/java/org/redisson/spring/cache/RedissonSpringCacheManager.java","setConfig(Map<String,CacheConfig>)","setConfig(Map<String,? extends CacheConfig>)"
"a50c29bd89cd537b4eeaf52f438c788e311663c7","redisson/src/main/java/org/redisson/api/RCollectionReactive.java","contains(Object)","contains(V)"
"a50c29bd89cd537b4eeaf52f438c788e311663c7","redisson/src/main/java/org/redisson/api/RCollectionReactive.java","remove(Object)","remove(V)"
"a50c29bd89cd537b4eeaf52f438c788e311663c7","redisson/src/main/java/org/redisson/api/RScoredSortedSetReactive.java","contains(Object)","contains(V)"
"a50c29bd89cd537b4eeaf52f438c788e311663c7","redisson/src/main/java/org/redisson/reactive/PublisherAdder.java","sum(Long, Long)","sum(Integer, Integer)"
"a50c29bd89cd537b4eeaf52f438c788e311663c7","redisson/src/main/java/org/redisson/reactive/PublisherAdder.java","onNext(Long)","onNext(Integer)"
"a50c29bd89cd537b4eeaf52f438c788e311663c7","redisson/src/main/java/org/redisson/reactive/RedissonListReactive.java","sum(Long, Long)","sum(Integer, Integer)"
"a50c29bd89cd537b4eeaf52f438c788e311663c7","redisson/src/main/java/org/redisson/reactive/RedissonScoredSortedSetReactive.java","remove(Object)","remove(V)"
"a50c29bd89cd537b4eeaf52f438c788e311663c7","redisson/src/main/java/org/redisson/reactive/RedissonScoredSortedSetReactive.java","contains(Object)","contains(V)"
"a50c29bd89cd537b4eeaf52f438c788e311663c7","redisson/src/test/java/org/redisson/RedissonListReactiveTest.java","onNext(Long)","onNext(Integer)"
"a50c29bd89cd537b4eeaf52f438c788e311663c7","redisson/src/test/java/org/redisson/RedissonListReactiveTest.java","onNext(Long)","onNext(Integer)"
"a50c29bd89cd537b4eeaf52f438c788e311663c7","redisson/src/test/java/org/redisson/RedissonListReactiveTest.java","onNext(Long)","onNext(Integer)"
"a50c29bd89cd537b4eeaf52f438c788e311663c7","redisson/src/test/java/org/redisson/RedissonListReactiveTest.java","onNext(Long)","onNext(Integer)"
"96a62e62ff82b11b491790420695080a8e54614a","redisson/src/main/java/org/redisson/RedissonSortedSet.java","removeAsync(V)","removeAsync(Object)"
"96a62e62ff82b11b491790420695080a8e54614a","redisson/src/main/java/org/redisson/api/RSortedSet.java","removeAsync(V)","removeAsync(Object)"
"681d5a8fcc9122b67497d2f1e7664a396bb8214d","redisson/src/main/java/org/redisson/command/CommandReactiveService.java","reactive(RFuture<R>)","reactive(Supplier<RFuture<R>>)"
"4c80f29b2a6b93be05d152d45d757b220d5c4950","redisson/src/main/java/org/redisson/api/LocalCachedMapOptions.java","writer(MapWriter<K,V>, org.redisson.api.MapOptions.WriteMode)","writer(MapWriter<K,V>)"
"4c80f29b2a6b93be05d152d45d757b220d5c4950","redisson/src/main/java/org/redisson/api/MapOptions.java","writer(MapWriter<K,V>, WriteMode)","writer(MapWriter<K,V>)"
"2da21fb4d8545e513de682795042d4303e73deb6","redisson/src/main/java/org/redisson/RedissonLocalCachedMap.java","init(String, LocalCachedMapOptions, RedissonClient, EvictionScheduler)","init(String, LocalCachedMapOptions<K,V>, RedissonClient, EvictionScheduler)"
"2da21fb4d8545e513de682795042d4303e73deb6","redisson/src/main/java/org/redisson/RedissonLocalCachedMap.java","addListeners(String, LocalCachedMapOptions, RedissonClient)","addListeners(String, LocalCachedMapOptions<K,V>, RedissonClient)"
"2da21fb4d8545e513de682795042d4303e73deb6","redisson/src/main/java/org/redisson/RedissonLocalCachedMap.java","createCache(LocalCachedMapOptions)","createCache(LocalCachedMapOptions<K,V>)"
"012d2e7fbb69ae5a70fe48b2653a96849330381e","redisson/src/test/java/org/redisson/executor/RedissonExecutorServiceTest.java","cancel(ScheduledFuture<?>)","cancel(RExecutorFuture<?>)"
"8cad23cdcec19aff04725659cc0af9239053af6b","redisson/src/main/java/org/redisson/client/handler/CommandDecoder.java","messageDecoder(CommandData<Object,Object>, List<Object>, Channel)","messageDecoder(CommandData<Object,Object>, List<Object>)"
"dac88df5e2689d64c070512d9ac21371985006ac","redisson/src/main/java/org/redisson/misc/RedissonObjectFactory.java","toReference(RedissonClient, Object)","toReference(Config, Object)"
"0053bf325e201f7e647d7ba59a9da3e77bc2779c","redisson/src/main/java/org/redisson/RedissonLocalCachedMap.java","init(UUID, String, LocalCachedMapOptions, RedissonClient, EvictionScheduler)","init(String, LocalCachedMapOptions, RedissonClient, EvictionScheduler)"
"adf072ec906a91de6f09ab618a40beab6589e617","redisson/src/main/java/org/redisson/client/RedisClient.java","operationComplete(Future<Map<String,String>>)","operationComplete(Future<RedisConnection>)"
"adf072ec906a91de6f09ab618a40beab6589e617","redisson/src/main/java/org/redisson/cluster/ClusterConnectionManager.java","connect(ClusterServersConfig, URL)","connect(ClusterServersConfig, URI)"
"adf072ec906a91de6f09ab618a40beab6589e617","redisson/src/main/java/org/redisson/cluster/ClusterConnectionManager.java","scheduleClusterChangeCheck(ClusterServersConfig, Iterator<URL>)","scheduleClusterChangeCheck(ClusterServersConfig, Iterator<URI>)"
"adf072ec906a91de6f09ab618a40beab6589e617","redisson/src/main/java/org/redisson/cluster/ClusterConnectionManager.java","checkClusterState(ClusterServersConfig, Iterator<URL>, AtomicReference<Throwable>)","checkClusterState(ClusterServersConfig, Iterator<URI>, AtomicReference<Throwable>)"
"adf072ec906a91de6f09ab618a40beab6589e617","redisson/src/main/java/org/redisson/cluster/ClusterConnectionManager.java","updateClusterState(ClusterServersConfig, RedisConnection, Iterator<URL>, URL)","updateClusterState(ClusterServersConfig, RedisConnection, Iterator<URI>, URI)"
"adf072ec906a91de6f09ab618a40beab6589e617","redisson/src/main/java/org/redisson/cluster/ClusterConnectionManager.java","upDownSlaves(MasterSlaveEntry, ClusterPartition, ClusterPartition, Set<URL>)","upDownSlaves(MasterSlaveEntry, ClusterPartition, ClusterPartition, Set<URI>)"
"adf072ec906a91de6f09ab618a40beab6589e617","redisson/src/main/java/org/redisson/cluster/ClusterPartition.java","setMasterAddress(String)","setMasterAddress(URI)"
"adf072ec906a91de6f09ab618a40beab6589e617","redisson/src/main/java/org/redisson/cluster/ClusterPartition.java","addFailedSlaveAddress(URL)","addFailedSlaveAddress(URI)"
"adf072ec906a91de6f09ab618a40beab6589e617","redisson/src/main/java/org/redisson/cluster/ClusterPartition.java","removeFailedSlaveAddress(URL)","removeFailedSlaveAddress(URI)"
"adf072ec906a91de6f09ab618a40beab6589e617","redisson/src/main/java/org/redisson/cluster/ClusterPartition.java","addSlaveAddress(URL)","addSlaveAddress(URI)"
"adf072ec906a91de6f09ab618a40beab6589e617","redisson/src/main/java/org/redisson/cluster/ClusterPartition.java","removeSlaveAddress(URL)","removeSlaveAddress(URI)"
"adf072ec906a91de6f09ab618a40beab6589e617","redisson/src/main/java/org/redisson/config/ClusterServersConfig.java","setNodeAddresses(List<URL>)","setNodeAddresses(List<URI>)"
"adf072ec906a91de6f09ab618a40beab6589e617","redisson/src/main/java/org/redisson/config/MasterSlaveServersConfig.java","setMasterAddress(URL)","setMasterAddress(URI)"
"adf072ec906a91de6f09ab618a40beab6589e617","redisson/src/main/java/org/redisson/config/MasterSlaveServersConfig.java","addSlaveAddress(URL)","addSlaveAddress(URI)"
"adf072ec906a91de6f09ab618a40beab6589e617","redisson/src/main/java/org/redisson/config/MasterSlaveServersConfig.java","setSlaveAddresses(Set<URL>)","setSlaveAddresses(Set<URI>)"
"adf072ec906a91de6f09ab618a40beab6589e617","redisson/src/main/java/org/redisson/config/ReplicatedServersConfig.java","setNodeAddresses(List<URL>)","setNodeAddresses(List<URI>)"
"adf072ec906a91de6f09ab618a40beab6589e617","redisson/src/main/java/org/redisson/config/SentinelServersConfig.java","setSentinelAddresses(List<URL>)","setSentinelAddresses(List<URI>)"
"adf072ec906a91de6f09ab618a40beab6589e617","redisson/src/main/java/org/redisson/config/SingleServerConfig.java","setAddress(URL)","setAddress(URI)"
"adf072ec906a91de6f09ab618a40beab6589e617","redisson/src/main/java/org/redisson/connection/ConnectionManager.java","createClient(String, int, int, int)","createClient(NodeType, URI, int, int)"
"adf072ec906a91de6f09ab618a40beab6589e617","redisson/src/main/java/org/redisson/connection/ConnectionManager.java","createClient(NodeType, String, int)","createClient(NodeType, URI)"
"adf072ec906a91de6f09ab618a40beab6589e617","redisson/src/main/java/org/redisson/connection/MasterSlaveConnectionManager.java","createClient(NodeType, String, int)","createClient(NodeType, URI)"
"adf072ec906a91de6f09ab618a40beab6589e617","redisson/src/main/java/org/redisson/connection/MasterSlaveConnectionManager.java","createClient(String, int, int, int)","createClient(NodeType, URI, int, int)"
"adf072ec906a91de6f09ab618a40beab6589e617","redisson/src/main/java/org/redisson/connection/MasterSlaveConnectionManager.java","changeMaster(int, String, int)","changeMaster(int, URI)"
"adf072ec906a91de6f09ab618a40beab6589e617","redisson/src/main/java/org/redisson/connection/MasterSlaveEntry.java","initSlaveBalancer(Collection<URL>)","initSlaveBalancer(Collection<URI>)"
"adf072ec906a91de6f09ab618a40beab6589e617","redisson/src/main/java/org/redisson/connection/MasterSlaveEntry.java","setupMasterEntry(String, int)","setupMasterEntry(URI)"
"adf072ec906a91de6f09ab618a40beab6589e617","redisson/src/main/java/org/redisson/connection/MasterSlaveEntry.java","addSlave(String, int)","addSlave(URI)"
"adf072ec906a91de6f09ab618a40beab6589e617","redisson/src/main/java/org/redisson/connection/MasterSlaveEntry.java","addSlave(String, int, boolean, NodeType)","addSlave(URI, boolean, NodeType)"
"adf072ec906a91de6f09ab618a40beab6589e617","redisson/src/main/java/org/redisson/connection/MasterSlaveEntry.java","changeMaster(String, int)","changeMaster(URI)"
"adf072ec906a91de6f09ab618a40beab6589e617","redisson/src/main/java/org/redisson/connection/ReplicatedConnectionManager.java","connect(BaseMasterSlaveServersConfig<?>, URL)","connect(BaseMasterSlaveServersConfig<?>, URI)"
"adf072ec906a91de6f09ab618a40beab6589e617","redisson/src/main/java/org/redisson/connection/SentinelConnectionManager.java","registerSentinel(SentinelServersConfig, URL, MasterSlaveServersConfig)","registerSentinel(SentinelServersConfig, URI, MasterSlaveServersConfig)"
"adf072ec906a91de6f09ab618a40beab6589e617","redisson/src/main/java/org/redisson/connection/SentinelConnectionManager.java","onSlaveAdded(URL, String)","onSlaveAdded(URI, String)"
"adf072ec906a91de6f09ab618a40beab6589e617","redisson/src/main/java/org/redisson/connection/SentinelConnectionManager.java","onNodeDown(URL, String)","onNodeDown(URI, String)"
"adf072ec906a91de6f09ab618a40beab6589e617","redisson/src/main/java/org/redisson/connection/SentinelConnectionManager.java","onNodeUp(URL, String)","onNodeUp(URI, String)"
"adf072ec906a91de6f09ab618a40beab6589e617","redisson/src/main/java/org/redisson/connection/SentinelConnectionManager.java","onMasterChange(SentinelServersConfig, URL, String)","onMasterChange(SentinelServersConfig, URI, String)"
"015ebbe871fd8120cc199fe2003598f67689ce05","redisson/src/main/java/org/redisson/cache/LRUCacheMap.java","onValueCreate(CachedValue)","onValueCreate(CachedValue<K,V>)"
"015ebbe871fd8120cc199fe2003598f67689ce05","redisson/src/main/java/org/redisson/cache/LRUCacheMap.java","onValueRemove(CachedValue)","onValueRemove(CachedValue<K,V>)"
"015ebbe871fd8120cc199fe2003598f67689ce05","redisson/src/main/java/org/redisson/cache/LRUCacheMap.java","onValueRead(CachedValue)","onValueRead(CachedValue<K,V>)"
"5a42e05dfb250376629ddf334fa7f9693120d0fa","redisson/src/main/java/org/redisson/mapreduce/MapReduceExecutor.java","operationComplete(Future<Boolean>)","operationComplete(Future<T>)"
"5edf70a4503935ad1b9eb3e403acb28a45fd83b8","redisson/src/main/java/org/redisson/liveobject/core/LiveObjectInterceptor.java","intercept(Method, Object[], Object, Object, Setter, Getter, RMap, Setter, Getter)","intercept(Method, Object[], Object, Object, Setter, Getter, RMap<?,?>, Setter, Getter)"
"5edf70a4503935ad1b9eb3e403acb28a45fd83b8","redisson/src/main/java/org/redisson/liveobject/misc/ClassUtils.java","searchForMethod(Class, String, Class[])","searchForMethod(Class<?>, String, Class<?>[])"
"5edf70a4503935ad1b9eb3e403acb28a45fd83b8","redisson/src/main/java/org/redisson/liveobject/misc/ClassUtils.java","areTypesCompatible(Class[], Class[])","areTypesCompatible(Class<?>[], Class<?>[])"
"5edf70a4503935ad1b9eb3e403acb28a45fd83b8","redisson/src/main/java/org/redisson/liveobject/resolver/RIdResolver.java","resolve(Class, A, String, RedissonClient)","resolve(Class<?>, A, String, RedissonClient)"
"5edf70a4503935ad1b9eb3e403acb28a45fd83b8","redisson/src/main/java/org/redisson/liveobject/resolver/UUIDGenerator.java","resolve(Class, RId, String, RedissonClient)","resolve(Class<?>, RId, String, RedissonClient)"
"57aea881c52468e95258279afaec7a1c39656107","redisson/src/main/java/org/redisson/cache/AbstractCacheMap.java","onValueRead(CachedValue)","onValueRead(CachedValue<K,V>)"
"57aea881c52468e95258279afaec7a1c39656107","redisson/src/main/java/org/redisson/cache/AbstractCacheMap.java","onValueRemove(CachedValue)","onValueRemove(CachedValue<K,V>)"
"57aea881c52468e95258279afaec7a1c39656107","redisson/src/main/java/org/redisson/cache/AbstractCacheMap.java","readValue(CachedValue)","readValue(CachedValue<K,V>)"
"57aea881c52468e95258279afaec7a1c39656107","redisson/src/main/java/org/redisson/cache/AbstractCacheMap.java","onValueCreate(CachedValue)","onValueCreate(CachedValue<K,V>)"
"642a605b0ab33d3d3dd12bd3901a2423acc0970e","redisson/src/main/java/org/redisson/RedissonLocalCachedMap.java","init(RedissonClient, String, LocalCachedMapOptions)","init(UUID, String, LocalCachedMapOptions)"
"dffda7e41171904c7090849dfc783538603f3c60","redisson/src/main/java/org/redisson/reactive/SetReactiveIterator.java","handle(List<V>)","handle(List<ScanObjectEntry>)"
"dffda7e41171904c7090849dfc783538603f3c60","redisson/src/main/java/org/redisson/reactive/SetReactiveIterator.java","onNext(ListScanResult<V>)","onNext(ListScanResult<ScanObjectEntry>)"
"7013dfebca3cb30095138515f63b9adbd3cd3be3","redisson/src/main/java/org/redisson/RedissonList.java","trimAsync(long, long)","trimAsync(int, int)"
"7013dfebca3cb30095138515f63b9adbd3cd3be3","redisson/src/main/java/org/redisson/RedissonListMultimapValues.java","trimAsync(long, long)","trimAsync(int, int)"
"7013dfebca3cb30095138515f63b9adbd3cd3be3","redisson/src/main/java/org/redisson/RedissonSubList.java","trimAsync(long, long)","trimAsync(int, int)"
"7013dfebca3cb30095138515f63b9adbd3cd3be3","redisson/src/main/java/org/redisson/api/RListAsync.java","trimAsync(long, long)","trimAsync(int, int)"
"1319607059694e22539c95bdbe517def297b389e","redisson/src/main/java/org/redisson/cluster/ClusterConnectionManager.java","connect(ClusterServersConfig, URI)","connect(ClusterServersConfig, URL)"
"1319607059694e22539c95bdbe517def297b389e","redisson/src/main/java/org/redisson/cluster/ClusterConnectionManager.java","scheduleClusterChangeCheck(ClusterServersConfig, Iterator<URI>)","scheduleClusterChangeCheck(ClusterServersConfig, Iterator<URL>)"
"1319607059694e22539c95bdbe517def297b389e","redisson/src/main/java/org/redisson/cluster/ClusterConnectionManager.java","checkClusterState(ClusterServersConfig, Iterator<URI>, AtomicReference<Throwable>)","checkClusterState(ClusterServersConfig, Iterator<URL>, AtomicReference<Throwable>)"
"1319607059694e22539c95bdbe517def297b389e","redisson/src/main/java/org/redisson/cluster/ClusterConnectionManager.java","updateClusterState(ClusterServersConfig, RedisConnection, Iterator<URI>, URI)","updateClusterState(ClusterServersConfig, RedisConnection, Iterator<URL>, URL)"
"1319607059694e22539c95bdbe517def297b389e","redisson/src/main/java/org/redisson/cluster/ClusterConnectionManager.java","upDownSlaves(MasterSlaveEntry, ClusterPartition, ClusterPartition, Set<URI>)","upDownSlaves(MasterSlaveEntry, ClusterPartition, ClusterPartition, Set<URL>)"
"1319607059694e22539c95bdbe517def297b389e","redisson/src/main/java/org/redisson/cluster/ClusterPartition.java","setMasterAddress(URI)","setMasterAddress(URL)"
"1319607059694e22539c95bdbe517def297b389e","redisson/src/main/java/org/redisson/cluster/ClusterPartition.java","addFailedSlaveAddress(URI)","addFailedSlaveAddress(URL)"
"1319607059694e22539c95bdbe517def297b389e","redisson/src/main/java/org/redisson/cluster/ClusterPartition.java","removeFailedSlaveAddress(URI)","removeFailedSlaveAddress(URL)"
"1319607059694e22539c95bdbe517def297b389e","redisson/src/main/java/org/redisson/cluster/ClusterPartition.java","addSlaveAddress(URI)","addSlaveAddress(URL)"
"1319607059694e22539c95bdbe517def297b389e","redisson/src/main/java/org/redisson/cluster/ClusterPartition.java","removeSlaveAddress(URI)","removeSlaveAddress(URL)"
"1319607059694e22539c95bdbe517def297b389e","redisson/src/main/java/org/redisson/config/ClusterServersConfig.java","setNodeAddresses(List<URI>)","setNodeAddresses(List<URL>)"
"1319607059694e22539c95bdbe517def297b389e","redisson/src/main/java/org/redisson/config/ElasticacheServersConfig.java","setNodeAddresses(List<URI>)","setNodeAddresses(List<URL>)"
"1319607059694e22539c95bdbe517def297b389e","redisson/src/main/java/org/redisson/config/MasterSlaveServersConfig.java","setMasterAddress(URI)","setMasterAddress(URL)"
"1319607059694e22539c95bdbe517def297b389e","redisson/src/main/java/org/redisson/config/MasterSlaveServersConfig.java","addSlaveAddress(URI)","addSlaveAddress(URL)"
"1319607059694e22539c95bdbe517def297b389e","redisson/src/main/java/org/redisson/config/MasterSlaveServersConfig.java","setSlaveAddresses(Set<URI>)","setSlaveAddresses(Set<URL>)"
"1319607059694e22539c95bdbe517def297b389e","redisson/src/main/java/org/redisson/config/SentinelServersConfig.java","setSentinelAddresses(List<URI>)","setSentinelAddresses(List<URL>)"
"1319607059694e22539c95bdbe517def297b389e","redisson/src/main/java/org/redisson/config/SingleServerConfig.java","setAddress(URI)","setAddress(URL)"
"1319607059694e22539c95bdbe517def297b389e","redisson/src/main/java/org/redisson/connection/ElasticacheConnectionManager.java","connect(BaseMasterSlaveServersConfig<?>, URI)","connect(BaseMasterSlaveServersConfig<?>, URL)"
"1319607059694e22539c95bdbe517def297b389e","redisson/src/main/java/org/redisson/connection/MasterSlaveEntry.java","initSlaveBalancer(Collection<URI>)","initSlaveBalancer(Collection<URL>)"
"1319607059694e22539c95bdbe517def297b389e","redisson/src/main/java/org/redisson/connection/SentinelConnectionManager.java","registerSentinel(SentinelServersConfig, URI, MasterSlaveServersConfig)","registerSentinel(SentinelServersConfig, URL, MasterSlaveServersConfig)"
"1319607059694e22539c95bdbe517def297b389e","redisson/src/main/java/org/redisson/connection/SentinelConnectionManager.java","onSlaveAdded(URI, String)","onSlaveAdded(URL, String)"
"1319607059694e22539c95bdbe517def297b389e","redisson/src/main/java/org/redisson/connection/SentinelConnectionManager.java","onNodeDown(URI, String)","onNodeDown(URL, String)"
"1319607059694e22539c95bdbe517def297b389e","redisson/src/main/java/org/redisson/connection/SentinelConnectionManager.java","onNodeUp(URI, String)","onNodeUp(URL, String)"
"1319607059694e22539c95bdbe517def297b389e","redisson/src/main/java/org/redisson/connection/SentinelConnectionManager.java","onMasterChange(SentinelServersConfig, URI, String)","onMasterChange(SentinelServersConfig, URL, String)"
"f2006e604f8b11507790d445af883e665c37add9","redisson/src/main/java/org/redisson/QueueTransferService.java","schedule(String, Object)","schedule(String, QueueTransferTask)"
"7d66a9066ce3bd2d8628c536d089a6d36879e3b4","redisson/src/main/java/org/redisson/connection/ElasticacheConnectionManager.java","connect(ElasticacheServersConfig, URI)","connect(BaseMasterSlaveServersConfig<?>, URI)"
"c73c760fa4cc161a625275a78ff7ef8852c3afa3","redisson/src/main/java/org/redisson/connection/IdleConnectionWatcher.java","add(int, int, Collection<? extends RedisConnection>, AtomicInteger)","add(int, int, Collection<? extends RedisConnection>, AsyncSemaphore)"
"9a51cf8a42bd101bb1f74990343f75258a94ecd2","redisson/src/main/java/org/redisson/liveobject/core/RedissonObjectBuilder.java","createObject(Object, Class<?>, Class<?>, String, Object)","createObject(Object, Class<?>, Class<?>, String)"
"3ac7eae34130967d181fd0512e3c962b4b98710a","redisson/src/main/java/org/redisson/RedissonLiveObjectService.java","persist(T, Map<Object,Object>, boolean)","persist(T, Map<Object,Object>, RCascadeType)"
"108641a23ddf4efad9c2a5ba7daea313f092e2eb","redisson/src/main/java/org/redisson/liveobject/core/AccessorInterceptor.java","intercept(Method, Callable<?>, Object[], Object, RMap)","intercept(Method, Callable<?>, Object[], Object, RMap<String,Object>)"
"ac7aef47063778a56e2d9767e1ae48befc74854d","redisson/src/main/java/org/redisson/liveobject/misc/Introspectior.java","getTypeDescription(Class)","getTypeDescription(Class<?>)"
"ac7aef47063778a56e2d9767e1ae48befc74854d","redisson/src/main/java/org/redisson/liveobject/misc/Introspectior.java","getMethodDescription(Class, String)","getMethodDescription(Class<?>, String)"
"ac7aef47063778a56e2d9767e1ae48befc74854d","redisson/src/main/java/org/redisson/liveobject/misc/Introspectior.java","getFieldDescription(Class, String)","getFieldDescription(Class<?>, String)"
"ac7aef47063778a56e2d9767e1ae48befc74854d","redisson/src/main/java/org/redisson/liveobject/misc/Introspectior.java","getFieldsWithAnnotation(Class, Class<? extends Annotation>)","getFieldsWithAnnotation(Class<?>, Class<? extends Annotation>)"
"75db5eca7dbf1e58e008d27f3fece8b4854ef5f4","redisson/src/main/java/org/redisson/liveobject/core/AccessorInterceptor.java","getMappedClass(Object)","getMappedClass(Class<?>)"
"8f0c91fdbbe38c4b874573a4c38680a16ab01b74","redisson/src/main/java/org/redisson/liveobject/resolver/DefaultNamingScheme.java","getName(Class, Class, String, Object)","getName(Class<?>, Class<?>, String, Object)"
"8f0c91fdbbe38c4b874573a4c38680a16ab01b74","redisson/src/main/java/org/redisson/liveobject/resolver/DefaultNamingScheme.java","getFieldReferenceName(Class, Class, String, Object, Class, String, Object)","getFieldReferenceName(Class<?>, Object, Class<?>, String, Object)"
"8f0c91fdbbe38c4b874573a4c38680a16ab01b74","redisson/src/main/java/org/redisson/liveobject/resolver/NamingScheme.java","getName(Class, Class, String, Object)","getName(Class<?>, Class<?>, String, Object)"
"8f0c91fdbbe38c4b874573a4c38680a16ab01b74","redisson/src/main/java/org/redisson/liveobject/resolver/NamingScheme.java","getFieldReferenceName(Class, Class, String, Object, Class, String, Object)","getFieldReferenceName(Class<?>, Object, Class<?>, String, Object)"
"1ca644b54cfa9f13fb9f75c89c38448e3b3a1f6c","redisson/src/test/java/org/redisson/RedissonMultiLockTest.java","redisTestMultilockInstance(int)","redisTestMultilockInstance()"
"1ca644b54cfa9f13fb9f75c89c38448e3b3a1f6c","redisson/src/test/java/org/redisson/RedissonRedLockTest.java","redisTestMultilockInstance(int)","redisTestMultilockInstance()"
"1ca644b54cfa9f13fb9f75c89c38448e3b3a1f6c","redisson/src/test/java/org/redisson/connection/balancer/WeightedRoundRobinBalancerTest.java","redisTestInstance(int)","redisTestInstance()"
"09be99e0ce6ea1f42e6ffe3903ed4cb3941b62c5","redisson/src/main/java/org/redisson/command/CommandAsyncExecutor.java","enableRedissonReferenceSupport(Redisson)","enableRedissonReferenceSupport(RedissonClient)"
"09be99e0ce6ea1f42e6ffe3903ed4cb3941b62c5","redisson/src/main/java/org/redisson/command/CommandAsyncService.java","enableRedissonReferenceSupport(Redisson)","enableRedissonReferenceSupport(RedissonClient)"
"0e5e4014f765ad88c3e0d27ef4d89abcc227bff9","redisson/src/main/java/org/redisson/api/RedissonNodeInitializer.java","onStartup(RedissonClient, RedissonNode)","onStartup(RedissonNode)"
"564258db791f1308b12b861aab415b3f0a472282","redisson/src/main/java/org/redisson/misc/LFUCacheMap.java","toKey(CachedValue)","toKey(LFUCachedValue)"
"564258db791f1308b12b861aab415b3f0a472282","redisson/src/main/java/org/redisson/misc/LFUCacheMap.java","addAccessCount(CachedValue, long)","addAccessCount(long)"
"d00a1a7ae853dada9c4a5d165e38c63780020819","redisson/src/main/java/org/redisson/RedissonCountDownLatch.java","unsubscribe(Future<RedissonCountDownLatchEntry>)","unsubscribe(RFuture<RedissonCountDownLatchEntry>)"
"d00a1a7ae853dada9c4a5d165e38c63780020819","redisson/src/main/java/org/redisson/RedissonFairLock.java","unsubscribe(Future<RedissonLockEntry>, long)","unsubscribe(RFuture<RedissonLockEntry>, long)"
"d00a1a7ae853dada9c4a5d165e38c63780020819","redisson/src/main/java/org/redisson/RedissonKeys.java","checkExecution(Promise<Long>, AtomicReference<Throwable>, AtomicLong, AtomicLong)","checkExecution(RPromise<Long>, AtomicReference<Throwable>, AtomicLong, AtomicLong)"
"d00a1a7ae853dada9c4a5d165e38c63780020819","redisson/src/main/java/org/redisson/RedissonList.java","fastRemoveAsync(int)","fastRemoveAsync(long)"
"d00a1a7ae853dada9c4a5d165e38c63780020819","redisson/src/main/java/org/redisson/RedissonList.java","trimAsync(int, int)","trimAsync(long, long)"
"d00a1a7ae853dada9c4a5d165e38c63780020819","redisson/src/main/java/org/redisson/RedissonListMultimapValues.java","fastRemoveAsync(int)","fastRemoveAsync(long)"
"d00a1a7ae853dada9c4a5d165e38c63780020819","redisson/src/main/java/org/redisson/RedissonListMultimapValues.java","trimAsync(int, int)","trimAsync(long, long)"
"d00a1a7ae853dada9c4a5d165e38c63780020819","redisson/src/main/java/org/redisson/RedissonLock.java","unsubscribe(Future<RedissonLockEntry>, long)","unsubscribe(RFuture<RedissonLockEntry>, long)"
"d00a1a7ae853dada9c4a5d165e38c63780020819","redisson/src/main/java/org/redisson/RedissonLock.java","lockAsync(long, TimeUnit, Future<RedissonLockEntry>, Promise<Void>, long)","lockAsync(long, TimeUnit, RFuture<RedissonLockEntry>, RPromise<Void>, long)"
"d00a1a7ae853dada9c4a5d165e38c63780020819","redisson/src/main/java/org/redisson/RedissonLock.java","tryLockAsync(AtomicLong, long, TimeUnit, Future<RedissonLockEntry>, Promise<Boolean>, long)","tryLockAsync(AtomicLong, long, TimeUnit, RFuture<RedissonLockEntry>, RPromise<Boolean>, long)"
"d00a1a7ae853dada9c4a5d165e38c63780020819","redisson/src/main/java/org/redisson/RedissonMultiLock.java","tryLockAgain(Promise<Void>, long, long, TimeUnit, long, Map<Future<Boolean>,RLock>)","tryLockAgain(RPromise<Void>, long, long, TimeUnit, long, Map<Future<Boolean>,RLock>)"
"d00a1a7ae853dada9c4a5d165e38c63780020819","redisson/src/main/java/org/redisson/RedissonMultiLock.java","lock(Promise<Void>, long, long, TimeUnit, List<RLock>, long, Queue<RLock>)","lock(RPromise<Void>, long, long, TimeUnit, List<RLock>, long, Queue<RLock>)"
"d00a1a7ae853dada9c4a5d165e38c63780020819","redisson/src/main/java/org/redisson/RedissonMultiLock.java","sync(Map<RLock,Future<Boolean>>)","sync(Map<RLock,RFuture<Boolean>>)"
"d00a1a7ae853dada9c4a5d165e38c63780020819","redisson/src/main/java/org/redisson/RedissonObject.java","await(Future<?>, long, TimeUnit)","await(RFuture<?>, long, TimeUnit)"
"d00a1a7ae853dada9c4a5d165e38c63780020819","redisson/src/main/java/org/redisson/RedissonObject.java","get(Future<V>)","get(RFuture<V>)"
"d00a1a7ae853dada9c4a5d165e38c63780020819","redisson/src/main/java/org/redisson/RedissonRedLock.java","sync(Map<RLock,Future<Boolean>>)","sync(Map<RLock,RFuture<Boolean>>)"
"d00a1a7ae853dada9c4a5d165e38c63780020819","redisson/src/main/java/org/redisson/RedissonSemaphore.java","tryAcquireAsync(AtomicLong, int, Future<RedissonLockEntry>, Promise<Boolean>)","tryAcquireAsync(AtomicLong, int, RFuture<RedissonLockEntry>, RPromise<Boolean>)"
"d00a1a7ae853dada9c4a5d165e38c63780020819","redisson/src/main/java/org/redisson/RedissonSemaphore.java","acquireAsync(int, Future<RedissonLockEntry>, Promise<Void>)","acquireAsync(int, RFuture<RedissonLockEntry>, RPromise<Void>)"
"d00a1a7ae853dada9c4a5d165e38c63780020819","redisson/src/main/java/org/redisson/RedissonSemaphore.java","unsubscribe(Future<RedissonLockEntry>)","unsubscribe(RFuture<RedissonLockEntry>)"
"d00a1a7ae853dada9c4a5d165e38c63780020819","redisson/src/main/java/org/redisson/RedissonSubList.java","trimAsync(int, int)","trimAsync(long, long)"
"d00a1a7ae853dada9c4a5d165e38c63780020819","redisson/src/main/java/org/redisson/api/RListAsync.java","trimAsync(int, int)","trimAsync(long, long)"
"d00a1a7ae853dada9c4a5d165e38c63780020819","redisson/src/main/java/org/redisson/api/RListAsync.java","fastRemoveAsync(int)","fastRemoveAsync(long)"
"d00a1a7ae853dada9c4a5d165e38c63780020819","redisson/src/main/java/org/redisson/client/ReconnectListener.java","onReconnect(RedisConnection, Promise<RedisConnection>)","onReconnect(RedisConnection, RPromise<RedisConnection>)"
"d00a1a7ae853dada9c4a5d165e38c63780020819","redisson/src/main/java/org/redisson/client/RedisClient.java","operationComplete(Promise<Map<String,String>>)","operationComplete(Future<Map<String,String>>)"
"d00a1a7ae853dada9c4a5d165e38c63780020819","redisson/src/main/java/org/redisson/cluster/ClusterConnectionManager.java","operationComplete(Future<Collection<Future<Void>>>)","operationComplete(Future<Collection<RFuture<Void>>>)"
"d00a1a7ae853dada9c4a5d165e38c63780020819","redisson/src/main/java/org/redisson/command/AsyncDetails.java","init(Future<RedisConnection>, Promise<R>, boolean, NodeSource, Codec, RedisCommand<V>, Object[], Promise<R>, int)","init(RFuture<RedisConnection>, RPromise<R>, boolean, NodeSource, Codec, RedisCommand<V>, Object[], RPromise<R>, int)"
"d00a1a7ae853dada9c4a5d165e38c63780020819","redisson/src/main/java/org/redisson/command/CommandAsyncExecutor.java","convertException(Future<V>)","convertException(RFuture<V>)"
"d00a1a7ae853dada9c4a5d165e38c63780020819","redisson/src/main/java/org/redisson/command/CommandAsyncExecutor.java","await(Future<?>, long, TimeUnit)","await(RFuture<?>, long, TimeUnit)"
"d00a1a7ae853dada9c4a5d165e38c63780020819","redisson/src/main/java/org/redisson/command/CommandAsyncExecutor.java","get(Future<V>)","get(RFuture<V>)"
"d00a1a7ae853dada9c4a5d165e38c63780020819","redisson/src/main/java/org/redisson/command/CommandAsyncService.java","get(Future<V>)","get(RFuture<V>)"
"d00a1a7ae853dada9c4a5d165e38c63780020819","redisson/src/main/java/org/redisson/command/CommandAsyncService.java","await(Future<?>, long, TimeUnit)","await(RFuture<?>, long, TimeUnit)"
"d00a1a7ae853dada9c4a5d165e38c63780020819","redisson/src/main/java/org/redisson/command/CommandAsyncService.java","retryReadRandomAsync(RedisCommand<T>, Promise<R>, List<MasterSlaveEntry>, Object)","retryReadRandomAsync(RedisCommand<T>, RPromise<R>, List<MasterSlaveEntry>, Object)"
"d00a1a7ae853dada9c4a5d165e38c63780020819","redisson/src/main/java/org/redisson/command/CommandAsyncService.java","convertException(Future<V>)","convertException(RFuture<V>)"
"d00a1a7ae853dada9c4a5d165e38c63780020819","redisson/src/main/java/org/redisson/command/CommandAsyncService.java","async(boolean, NodeSource, Codec, RedisCommand<V>, Object[], Promise<R>, int)","async(boolean, NodeSource, Codec, RedisCommand<V>, Object[], RPromise<R>, int)"
"d00a1a7ae853dada9c4a5d165e38c63780020819","redisson/src/main/java/org/redisson/command/CommandAsyncService.java","releaseConnection(NodeSource, Future<RedisConnection>, boolean, Promise<R>, AsyncDetails<V,R>)","releaseConnection(NodeSource, RFuture<RedisConnection>, boolean, RPromise<R>, AsyncDetails<V,R>)"
"d00a1a7ae853dada9c4a5d165e38c63780020819","redisson/src/main/java/org/redisson/command/CommandBatchService.java","async(boolean, NodeSource, Codec, RedisCommand<V>, Object[], Promise<R>, int)","async(boolean, NodeSource, Codec, RedisCommand<V>, Object[], RPromise<R>, int)"
"d00a1a7ae853dada9c4a5d165e38c63780020819","redisson/src/main/java/org/redisson/command/CommandBatchService.java","execute(Entry, NodeSource, Promise<Void>, AtomicInteger, int)","execute(Entry, NodeSource, RPromise<Void>, AtomicInteger, int)"
"d00a1a7ae853dada9c4a5d165e38c63780020819","redisson/src/main/java/org/redisson/command/CommandBatchService.java","checkWriteFuture(Promise<Void>, AsyncDetails, RedisConnection, ChannelFuture)","checkWriteFuture(RPromise<Void>, AsyncDetails, RedisConnection, ChannelFuture)"
"d00a1a7ae853dada9c4a5d165e38c63780020819","redisson/src/main/java/org/redisson/command/CommandBatchService.java","checkConnectionFuture(Entry, NodeSource, Promise<Void>, Promise<Void>, AsyncDetails, Future<RedisConnection>)","checkConnectionFuture(Entry, NodeSource, RPromise<Void>, RPromise<Void>, AsyncDetails, RFuture<RedisConnection>)"
"d00a1a7ae853dada9c4a5d165e38c63780020819","redisson/src/main/java/org/redisson/connection/ClientConnectionsEntry.java","onReconnect(RedisConnection, Promise<RedisConnection>)","onReconnect(RedisConnection, RPromise<RedisConnection>)"
"d00a1a7ae853dada9c4a5d165e38c63780020819","redisson/src/main/java/org/redisson/connection/ClientConnectionsEntry.java","addReconnectListener(Promise<T>, T)","addReconnectListener(RPromise<T>, T)"
"d00a1a7ae853dada9c4a5d165e38c63780020819","redisson/src/main/java/org/redisson/connection/ClientConnectionsEntry.java","addFireEventListener(T, Promise<T>)","addFireEventListener(T, RPromise<T>)"
"d00a1a7ae853dada9c4a5d165e38c63780020819","redisson/src/main/java/org/redisson/connection/MasterSlaveConnectionManager.java","subscribe(Codec, String, RedisPubSubListener<?>, Promise<PubSubConnectionEntry>, PubSubType, AsyncSemaphore)","subscribe(Codec, String, RedisPubSubListener<?>, RPromise<PubSubConnectionEntry>, PubSubType, AsyncSemaphore)"
"d00a1a7ae853dada9c4a5d165e38c63780020819","redisson/src/main/java/org/redisson/connection/MasterSlaveConnectionManager.java","connect(Codec, String, RedisPubSubListener<?>, Promise<PubSubConnectionEntry>, PubSubType, AsyncSemaphore)","connect(Codec, String, RedisPubSubListener<?>, RPromise<PubSubConnectionEntry>, PubSubType, AsyncSemaphore)"
"d00a1a7ae853dada9c4a5d165e38c63780020819","redisson/src/main/java/org/redisson/connection/pool/ConnectionPool.java","initConnections(ClientConnectionsEntry, Promise<Void>, boolean)","initConnections(ClientConnectionsEntry, RPromise<Void>, boolean)"
"d00a1a7ae853dada9c4a5d165e38c63780020819","redisson/src/main/java/org/redisson/connection/pool/ConnectionPool.java","createConnection(boolean, AtomicInteger, ClientConnectionsEntry, Promise<Void>, int, AtomicInteger)","createConnection(boolean, AtomicInteger, ClientConnectionsEntry, RPromise<Void>, int, AtomicInteger)"
"d00a1a7ae853dada9c4a5d165e38c63780020819","redisson/src/main/java/org/redisson/connection/pool/ConnectionPool.java","promiseSuccessful(ClientConnectionsEntry, Promise<T>, T)","promiseSuccessful(ClientConnectionsEntry, RPromise<T>, T)"
"d00a1a7ae853dada9c4a5d165e38c63780020819","redisson/src/main/java/org/redisson/connection/pool/ConnectionPool.java","promiseFailure(ClientConnectionsEntry, Promise<T>, Throwable)","promiseFailure(ClientConnectionsEntry, RPromise<T>, Throwable)"
"d00a1a7ae853dada9c4a5d165e38c63780020819","redisson/src/main/java/org/redisson/connection/pool/ConnectionPool.java","promiseFailure(ClientConnectionsEntry, Promise<T>, T)","promiseFailure(ClientConnectionsEntry, RPromise<T>, T)"
"d00a1a7ae853dada9c4a5d165e38c63780020819","redisson/src/main/java/org/redisson/executor/RemotePromise.java","setAddFuture(Future<Boolean>)","setAddFuture(RFuture<Boolean>)"
"d00a1a7ae853dada9c4a5d165e38c63780020819","redisson/src/main/java/org/redisson/misc/PromiseDelegator.java","addListener(GenericFutureListener<? extends Future<? super T>>)","addListener(FutureListener<? super T>)"
"d00a1a7ae853dada9c4a5d165e38c63780020819","redisson/src/main/java/org/redisson/misc/PromiseDelegator.java","addListeners(GenericFutureListener<? extends Future<? super T>>)","addListeners(FutureListener<? super T>)"
"d00a1a7ae853dada9c4a5d165e38c63780020819","redisson/src/main/java/org/redisson/misc/PromiseDelegator.java","removeListener(GenericFutureListener<? extends Future<? super T>>)","removeListener(FutureListener<? super T>)"
"d00a1a7ae853dada9c4a5d165e38c63780020819","redisson/src/main/java/org/redisson/misc/PromiseDelegator.java","removeListeners(GenericFutureListener<? extends Future<? super T>>)","removeListeners(FutureListener<? super T>)"
"d00a1a7ae853dada9c4a5d165e38c63780020819","redisson/src/main/java/org/redisson/misc/RedissonFuture.java","addListener(GenericFutureListener<? extends Future<? super T>>)","addListener(FutureListener<? super T>)"
"d00a1a7ae853dada9c4a5d165e38c63780020819","redisson/src/main/java/org/redisson/misc/RedissonFuture.java","addListeners(GenericFutureListener<? extends Future<? super T>>)","addListeners(FutureListener<? super T>)"
"d00a1a7ae853dada9c4a5d165e38c63780020819","redisson/src/main/java/org/redisson/misc/RedissonFuture.java","removeListener(GenericFutureListener<? extends Future<? super T>>)","removeListener(FutureListener<? super T>)"
"d00a1a7ae853dada9c4a5d165e38c63780020819","redisson/src/main/java/org/redisson/misc/RedissonFuture.java","removeListeners(GenericFutureListener<? extends Future<? super T>>)","removeListeners(FutureListener<? super T>)"
"d00a1a7ae853dada9c4a5d165e38c63780020819","redisson/src/main/java/org/redisson/pubsub/CountDownLatchPubSub.java","createEntry(Promise<RedissonCountDownLatchEntry>)","createEntry(RPromise<RedissonCountDownLatchEntry>)"
"d00a1a7ae853dada9c4a5d165e38c63780020819","redisson/src/main/java/org/redisson/pubsub/LockPubSub.java","createEntry(Promise<RedissonLockEntry>)","createEntry(RPromise<RedissonLockEntry>)"
"d00a1a7ae853dada9c4a5d165e38c63780020819","redisson/src/main/java/org/redisson/pubsub/PublishSubscribe.java","createEntry(Promise<E>)","createEntry(RPromise<E>)"
"d00a1a7ae853dada9c4a5d165e38c63780020819","redisson/src/main/java/org/redisson/pubsub/SemaphorePubSub.java","createEntry(Promise<RedissonLockEntry>)","createEntry(RPromise<RedissonLockEntry>)"
"d00a1a7ae853dada9c4a5d165e38c63780020819","redisson/src/main/java/org/redisson/reactive/RedissonPatternTopicReactive.java","addListener(RedisPubSubListener<M>, Promise<Integer>)","addListener(RedisPubSubListener<M>, RPromise<Integer>)"
"30c38ab4a354f362f60eded4b566b2ceed3accbd","redisson/src/main/java/org/redisson/client/handler/ConnectionWatchdog.java","reconnect(EventLoopGroup, RedisConnection)","reconnect(RedisConnection, int)"
"30c38ab4a354f362f60eded4b566b2ceed3accbd","redisson/src/main/java/org/redisson/client/handler/ConnectionWatchdog.java","tryReconnect(EventLoopGroup, RedisConnection, int)","tryReconnect(RedisConnection, int)"
"5f0801d4efc726ec90bc112db7166916c75726ad","redisson/src/main/java/org/redisson/connection/MasterSlaveEntry.java","reattachPubSubListeners(String, Collection<RedisPubSubListener>)","reattachPubSubListeners(String, Collection<RedisPubSubListener<?>>)"
"5f0801d4efc726ec90bc112db7166916c75726ad","redisson/src/main/java/org/redisson/connection/MasterSlaveEntry.java","reattachPatternPubSubListeners(String, Collection<RedisPubSubListener>)","reattachPatternPubSubListeners(String, Collection<RedisPubSubListener<?>>)"
"5f0801d4efc726ec90bc112db7166916c75726ad","redisson/src/main/java/org/redisson/connection/PubSubConnectionEntry.java","removeListener(String, RedisPubSubListener)","removeListener(String, RedisPubSubListener<?>)"
"5f0801d4efc726ec90bc112db7166916c75726ad","redisson/src/main/java/org/redisson/connection/PubSubConnectionEntry.java","unsubscribe(String, RedisPubSubListener)","unsubscribe(String, RedisPubSubListener<?>)"
"5f0801d4efc726ec90bc112db7166916c75726ad","redisson/src/main/java/org/redisson/connection/PubSubConnectionEntry.java","punsubscribe(String, RedisPubSubListener)","punsubscribe(String, RedisPubSubListener<?>)"
"e6c0a409e64fbb6ea5065cb2df22129b1975d701","redisson/src/main/java/org/redisson/api/RLiveObjectService.java","registerClass(Class)","registerClass(Class<?>)"
"e6c0a409e64fbb6ea5065cb2df22129b1975d701","redisson/src/main/java/org/redisson/api/RLiveObjectService.java","unregisterClass(Class)","unregisterClass(Class<?>)"
"e6c0a409e64fbb6ea5065cb2df22129b1975d701","redisson/src/main/java/org/redisson/api/RLiveObjectService.java","isClassRegistered(Class)","isClassRegistered(Class<?>)"
"cbe9ae6c0f72bdc6bdbe79440b1699c26a04ff5d","redisson/src/main/java/org/redisson/RedissonBoundedBlockingQueue.java","wrapTakeFuture(Future<V>)","wrapTakeFuture(RFuture<V>)"
"f8d9d514a3c0265c7e55a0504f1dd4e3ea55d7b2","redisson/src/main/java/org/redisson/RedissonExecutorService.java","registerWorkers(int, Executor)","registerWorkers(int, ExecutorService)"
"f8d9d514a3c0265c7e55a0504f1dd4e3ea55d7b2","redisson/src/main/java/org/redisson/RedissonRemoteService.java","register(Class<T>, T, int, Executor)","register(Class<T>, T, int, ExecutorService)"
"f8d9d514a3c0265c7e55a0504f1dd4e3ea55d7b2","redisson/src/main/java/org/redisson/RedissonRemoteService.java","subscribe(Class<T>, RBlockingQueue<RemoteServiceRequest>, Executor)","subscribe(Class<T>, RBlockingQueue<RemoteServiceRequest>, ExecutorService)"
"f8d9d514a3c0265c7e55a0504f1dd4e3ea55d7b2","redisson/src/main/java/org/redisson/RedissonRemoteService.java","invokeMethod(Class<T>, RBlockingQueue<RemoteServiceRequest>, RemoteServiceRequest, RemoteServiceMethod, String, Executor)","invokeMethod(Class<T>, RBlockingQueue<RemoteServiceRequest>, RemoteServiceRequest, RemoteServiceMethod, String, ExecutorService, Future<RemoteServiceCancelRequest>, AtomicReference<RRemoteServiceResponse>)"
"f8d9d514a3c0265c7e55a0504f1dd4e3ea55d7b2","redisson/src/main/java/org/redisson/RedissonRemoteService.java","invokeAsync(RemoteInvocationOptions, Promise<Object>, RemoteServiceRequest, RBlockingQueue<? extends RRemoteServiceResponse>, String)","invokeAsync(RemoteInvocationOptions, RemotePromise<Object>, RemoteServiceRequest, String, String)"
"f8d9d514a3c0265c7e55a0504f1dd4e3ea55d7b2","redisson/src/main/java/org/redisson/RedissonRemoteService.java","operationComplete(Future<RemoteServiceResponse>)","operationComplete(Future<RemoteServiceCancelRequest>)"
"f8d9d514a3c0265c7e55a0504f1dd4e3ea55d7b2","redisson/src/main/java/org/redisson/RedissonRemoteService.java","invokeAsync(RemoteInvocationOptions, Promise<Object>, RemoteServiceRequest, RBlockingQueue<? extends RRemoteServiceResponse>)","invokeAsync(RemoteInvocationOptions, RemotePromise<Object>, RemoteServiceRequest, String)"
"f8d9d514a3c0265c7e55a0504f1dd4e3ea55d7b2","redisson/src/main/java/org/redisson/RedissonRemoteService.java","tryPollAckAgainAsync(RemoteInvocationOptions, RBlockingQueue<? extends RRemoteServiceResponse>, String)","tryPollAckAgainAsync(RemoteInvocationOptions, RBlockingQueue<RemoteServiceAck>, String)"
"f8d9d514a3c0265c7e55a0504f1dd4e3ea55d7b2","redisson/src/main/java/org/redisson/api/RExecutorService.java","registerWorkers(int, Executor)","registerWorkers(int, ExecutorService)"
"f8d9d514a3c0265c7e55a0504f1dd4e3ea55d7b2","redisson/src/main/java/org/redisson/command/CommandAsyncService.java","handleBlockingOperations(AsyncDetails<V,R>, RedisConnection, Integer)","handleBlockingOperations(AsyncDetails<V,R>, RedisConnection, Long)"
"9ef22fe21c2c50a5c84bd6483a8c1b2706182183","redisson/src/main/java/org/redisson/RedissonNode.java","start(RedissonNodeConfig)","start()"
"2c3b9337f240122ef19498c2227172d456cd925f","src/main/java/org/redisson/connection/ConnectionManager.java","subscribe(Codec, String, RedisPubSubListener<?>, Semaphore)","subscribe(Codec, String, RedisPubSubListener<?>, AsyncSemaphore)"
"2c3b9337f240122ef19498c2227172d456cd925f","src/main/java/org/redisson/connection/ConnectionManager.java","psubscribe(String, Codec, RedisPubSubListener<?>, Semaphore)","psubscribe(String, Codec, RedisPubSubListener<?>, AsyncSemaphore)"
"2c3b9337f240122ef19498c2227172d456cd925f","src/main/java/org/redisson/connection/ConnectionManager.java","unsubscribe(String, Semaphore)","unsubscribe(String, AsyncSemaphore)"
"2c3b9337f240122ef19498c2227172d456cd925f","src/main/java/org/redisson/connection/ConnectionManager.java","punsubscribe(String, Semaphore)","punsubscribe(String, AsyncSemaphore)"
"2c3b9337f240122ef19498c2227172d456cd925f","src/main/java/org/redisson/connection/MasterSlaveConnectionManager.java","psubscribe(String, Codec, RedisPubSubListener<?>, Semaphore)","psubscribe(String, Codec, RedisPubSubListener<?>, AsyncSemaphore)"
"2c3b9337f240122ef19498c2227172d456cd925f","src/main/java/org/redisson/connection/MasterSlaveConnectionManager.java","subscribe(Codec, String, RedisPubSubListener<?>, Semaphore)","subscribe(Codec, String, RedisPubSubListener<?>, AsyncSemaphore)"
"2c3b9337f240122ef19498c2227172d456cd925f","src/main/java/org/redisson/connection/MasterSlaveConnectionManager.java","subscribe(Codec, String, RedisPubSubListener, Promise<PubSubConnectionEntry>, PubSubType, Semaphore)","subscribe(Codec, String, RedisPubSubListener<?>, Promise<PubSubConnectionEntry>, PubSubType, AsyncSemaphore)"
"2c3b9337f240122ef19498c2227172d456cd925f","src/main/java/org/redisson/connection/MasterSlaveConnectionManager.java","connect(Codec, String, RedisPubSubListener, Promise<PubSubConnectionEntry>, PubSubType, Semaphore)","connect(Codec, String, RedisPubSubListener<?>, Promise<PubSubConnectionEntry>, PubSubType, AsyncSemaphore)"
"2c3b9337f240122ef19498c2227172d456cd925f","src/main/java/org/redisson/connection/MasterSlaveConnectionManager.java","unsubscribe(String, Semaphore)","unsubscribe(String, AsyncSemaphore)"
"2c3b9337f240122ef19498c2227172d456cd925f","src/main/java/org/redisson/connection/MasterSlaveConnectionManager.java","punsubscribe(String, Semaphore)","punsubscribe(String, AsyncSemaphore)"
"2c3b9337f240122ef19498c2227172d456cd925f","src/main/java/org/redisson/connection/MasterSlaveEntry.java","reattachPubSubListeners(String, Collection<RedisPubSubListener>, Semaphore)","reattachPubSubListeners(String, Collection<RedisPubSubListener>)"
"2c3b9337f240122ef19498c2227172d456cd925f","src/main/java/org/redisson/connection/MasterSlaveEntry.java","reattachPatternPubSubListeners(String, Collection<RedisPubSubListener>, Semaphore)","reattachPatternPubSubListeners(String, Collection<RedisPubSubListener>)"
"78f8bcf2909f304de8909a32dd20c30bc1e174e3","src/main/java/org/redisson/RedissonRemoteService.java","async(Class<T>, RemoteInvocationOptions, String)","async(Class<T>, RemoteInvocationOptions, Class<?>)"
"78f8bcf2909f304de8909a32dd20c30bc1e174e3","src/main/java/org/redisson/RedissonRemoteService.java","getAckName(String, String)","getAckName(Class<?>, String)"
"93b73e8c86ce3d8159e2ed9c617087ca3cf62cff","src/main/java/org/redisson/RedissonExecutorService.java","check(RemotePromise<T>)","check(Object)"
"cb8f53f9c64c3284cef1f8b6621f6db848a0db81","src/main/java/org/redisson/RedissonKeys.java","scanIterator(InetSocketAddress, int, long, String, int)","scanIterator(InetSocketAddress, MasterSlaveEntry, long, String, int)"
"cb8f53f9c64c3284cef1f8b6621f6db848a0db81","src/main/java/org/redisson/RedissonKeys.java","createKeysIterator(int, String, int)","createKeysIterator(MasterSlaveEntry, String, int)"
"cb8f53f9c64c3284cef1f8b6621f6db848a0db81","src/main/java/org/redisson/cluster/ClusterConnectionManager.java","find(Collection<ClusterPartition>, ClusterSlotRange)","find(Collection<ClusterPartition>, Integer)"
"cb8f53f9c64c3284cef1f8b6621f6db848a0db81","src/main/java/org/redisson/command/CommandAsyncService.java","readAsync(InetSocketAddress, int, Codec, RedisCommand<T>, Object)","readAsync(InetSocketAddress, MasterSlaveEntry, Codec, RedisCommand<T>, Object)"
"cb8f53f9c64c3284cef1f8b6621f6db848a0db81","src/main/java/org/redisson/command/CommandAsyncService.java","retryReadRandomAsync(RedisCommand<T>, Promise<R>, List<ClusterSlotRange>, Object)","retryReadRandomAsync(RedisCommand<T>, Promise<R>, List<MasterSlaveEntry>, Object)"
"cb8f53f9c64c3284cef1f8b6621f6db848a0db81","src/main/java/org/redisson/connection/MasterSlaveConnectionManager.java","changeMaster(ClusterSlotRange, String, int)","changeMaster(int, String, int)"
"cb8f53f9c64c3284cef1f8b6621f6db848a0db81","src/main/java/org/redisson/connection/MasterSlaveConnectionManager.java","addEntry(ClusterSlotRange, MasterSlaveEntry)","addEntry(Integer, MasterSlaveEntry)"
"cb8f53f9c64c3284cef1f8b6621f6db848a0db81","src/main/java/org/redisson/connection/MasterSlaveConnectionManager.java","removeMaster(ClusterSlotRange)","removeMaster(Integer)"
"cb8f53f9c64c3284cef1f8b6621f6db848a0db81","src/main/java/org/redisson/connection/MasterSlaveEntry.java","addSlotRange(ClusterSlotRange)","addSlotRange(Integer)"
"cb8f53f9c64c3284cef1f8b6621f6db848a0db81","src/main/java/org/redisson/connection/MasterSlaveEntry.java","removeSlotRange(ClusterSlotRange)","removeSlotRange(Integer)"
"cb8f53f9c64c3284cef1f8b6621f6db848a0db81","src/main/java/org/redisson/reactive/RedissonKeysReactive.java","scanIterator(int, long, String)","scanIterator(MasterSlaveEntry, long, String)"
"cb8f53f9c64c3284cef1f8b6621f6db848a0db81","src/main/java/org/redisson/reactive/RedissonKeysReactive.java","createKeysIterator(int, String)","createKeysIterator(MasterSlaveEntry, String)"
"068392d6d3ea870a75fde30d092137423e3b7a2f","src/main/java/org/redisson/RedissonReference.java","setType(Class)","setType(Class<?>)"
"045f952c1a5faaf8a3f37fe27ebf91ca8a971424","src/main/java/org/redisson/liveobject/provider/CodecProvider.java","getCodec(Class<? extends Codec>)","getCodec(Class<T>)"
"045f952c1a5faaf8a3f37fe27ebf91ca8a971424","src/main/java/org/redisson/liveobject/provider/CodecProvider.java","getCodec(REntity, Class)","getCodec(REntity, Class<?>)"
"045f952c1a5faaf8a3f37fe27ebf91ca8a971424","src/main/java/org/redisson/liveobject/provider/CodecProvider.java","getCodec(Class<? extends Codec>, Class<? extends RObject>, String)","getCodec(RObjectField, Class<?>, Class<K>, String)"
"045f952c1a5faaf8a3f37fe27ebf91ca8a971424","src/main/java/org/redisson/liveobject/provider/CodecProvider.java","getCodec(Class<? extends Codec>, RObject, String)","getCodec(Class<T>, Class<K>)"
"045f952c1a5faaf8a3f37fe27ebf91ca8a971424","src/main/java/org/redisson/liveobject/provider/CodecProvider.java","registerCodec(Class<? extends Codec>, Codec)","registerCodec(Class<T>, T)"
"045f952c1a5faaf8a3f37fe27ebf91ca8a971424","src/main/java/org/redisson/liveobject/provider/CodecProvider.java","registerCodec(REntity, Class, Codec)","registerCodec(REntity, Class<?>, T)"
"045f952c1a5faaf8a3f37fe27ebf91ca8a971424","src/main/java/org/redisson/liveobject/provider/CodecProvider.java","registerCodec(Class<? extends Codec>, Class<? extends RObject>, String, Codec)","registerCodec(RObjectField, Class<?>, Class<K>, String, T)"
"045f952c1a5faaf8a3f37fe27ebf91ca8a971424","src/main/java/org/redisson/liveobject/provider/CodecProvider.java","registerCodec(Class<? extends Codec>, RObject, String, Codec)","registerCodec(Class<T>, Class<K>, T)"
"045f952c1a5faaf8a3f37fe27ebf91ca8a971424","src/main/java/org/redisson/liveobject/provider/DefaultCodecProvider.java","getCodec(Class<? extends Codec>)","getCodec(Class<T>)"
"045f952c1a5faaf8a3f37fe27ebf91ca8a971424","src/main/java/org/redisson/liveobject/provider/DefaultCodecProvider.java","getCodec(REntity, Class)","getCodec(REntity, Class<?>)"
"045f952c1a5faaf8a3f37fe27ebf91ca8a971424","src/main/java/org/redisson/liveobject/provider/DefaultCodecProvider.java","getCodec(Class<? extends Codec>, Class<? extends RObject>, String)","getCodec(RObjectField, Class<?>, Class<K>, String)"
"045f952c1a5faaf8a3f37fe27ebf91ca8a971424","src/main/java/org/redisson/liveobject/provider/DefaultCodecProvider.java","getCodec(Class<? extends Codec>, RObject, String)","getCodec(Class<T>, Class<K>)"
"045f952c1a5faaf8a3f37fe27ebf91ca8a971424","src/main/java/org/redisson/liveobject/provider/DefaultCodecProvider.java","registerCodec(Class<? extends Codec>, Codec)","registerCodec(Class<T>, T)"
"045f952c1a5faaf8a3f37fe27ebf91ca8a971424","src/main/java/org/redisson/liveobject/provider/DefaultCodecProvider.java","registerCodec(REntity, Class, Codec)","registerCodec(REntity, Class<?>, T)"
"045f952c1a5faaf8a3f37fe27ebf91ca8a971424","src/main/java/org/redisson/liveobject/provider/DefaultCodecProvider.java","registerCodec(Class<? extends Codec>, Class<? extends RObject>, String, Codec)","registerCodec(RObjectField, Class<?>, Class<K>, String, T)"
"045f952c1a5faaf8a3f37fe27ebf91ca8a971424","src/main/java/org/redisson/liveobject/provider/DefaultCodecProvider.java","registerCodec(Class<? extends Codec>, RObject, String, Codec)","registerCodec(Class<T>, Class<K>, T)"
"4e1e8e501f821359d05183ab3d4522bdcfd83e10","src/main/java/org/redisson/liveobject/provider/DefaultResolverProvider.java","getResolver(Class, Class<? extends Resolver>, Annotation)","getResolver(Class<?>, Class<? extends Resolver>, Annotation)"
"4e1e8e501f821359d05183ab3d4522bdcfd83e10","src/main/java/org/redisson/liveobject/provider/DefaultResolverProvider.java","registerResolver(Class, Class<? extends Resolver>, Resolver)","registerResolver(Class<?>, Class<? extends Resolver>, Resolver)"
"4e1e8e501f821359d05183ab3d4522bdcfd83e10","src/main/java/org/redisson/liveobject/provider/ResolverProvider.java","getResolver(Class, Class<? extends Resolver>, Annotation)","getResolver(Class<?>, Class<? extends Resolver>, Annotation)"
"4e1e8e501f821359d05183ab3d4522bdcfd83e10","src/main/java/org/redisson/liveobject/provider/ResolverProvider.java","registerResolver(Class, Class<? extends Resolver>, Resolver)","registerResolver(Class<?>, Class<? extends Resolver>, Resolver)"
"9468fb0dc0de6d9eefe39e903478542ffc183cb7","src/main/java/org/redisson/cluster/ClusterConnectionManager.java","operationComplete(Future<String>)","operationComplete(Future<List<ClusterNodeInfo>>)"
"9468fb0dc0de6d9eefe39e903478542ffc183cb7","src/main/java/org/redisson/cluster/ClusterConnectionManager.java","parsePartitions(String)","parsePartitions(List<ClusterNodeInfo>)"
"db4fba6533eb4dc6f7bba6572e5675f3bf959501","src/main/java/org/redisson/core/RedissonMultiLock.java","sync(List<Future<Boolean>>)","sync(Map<RLock,Future<Boolean>>)"
"8ab5972f051072c11906737fd295e3f087beb589","src/main/java/org/redisson/RedissonLiveObjectService.java","registerClass(Class<T>)","registerClass(Class)"
"bb9a016d5b161da8caab9c7be14b30024ff60eaf","src/main/java/org/redisson/PubSubMessageListener.java","onMessage(String, V)","onMessage(String, Object)"
"bb9a016d5b161da8caab9c7be14b30024ff60eaf","src/main/java/org/redisson/PubSubMessageListener.java","onPatternMessage(String, String, V)","onPatternMessage(String, String, Object)"
"bb9a016d5b161da8caab9c7be14b30024ff60eaf","src/main/java/org/redisson/RedissonPatternTopic.java","addListener(RedisPubSubListener<M>)","addListener(RedisPubSubListener<?>)"
"bb9a016d5b161da8caab9c7be14b30024ff60eaf","src/main/java/org/redisson/RedissonTopic.java","addListener(RedisPubSubListener<M>)","addListener(RedisPubSubListener<?>)"
"bb9a016d5b161da8caab9c7be14b30024ff60eaf","src/main/java/org/redisson/client/BaseRedisPubSubListener.java","onMessage(String, V)","onMessage(String, Object)"
"bb9a016d5b161da8caab9c7be14b30024ff60eaf","src/main/java/org/redisson/client/BaseRedisPubSubListener.java","onPatternMessage(String, String, V)","onPatternMessage(String, String, Object)"
"bb9a016d5b161da8caab9c7be14b30024ff60eaf","src/main/java/org/redisson/connection/MasterSlaveConnectionManager.java","subscribe(Codec, String, RedisPubSubListener<?>, Promise<PubSubConnectionEntry>)","subscribe(Codec, String, RedisPubSubListener, Promise<PubSubConnectionEntry>, PubSubType)"
"bb9a016d5b161da8caab9c7be14b30024ff60eaf","src/main/java/org/redisson/connection/MasterSlaveConnectionManager.java","connect(Codec, String, RedisPubSubListener<?>, Promise<PubSubConnectionEntry>)","connect(Codec, String, RedisPubSubListener, Promise<PubSubConnectionEntry>, PubSubType)"
"bb9a016d5b161da8caab9c7be14b30024ff60eaf","src/main/java/org/redisson/connection/SentinelConnectionManager.java","onMessage(String, String)","onMessage(String, Object)"
"bb9a016d5b161da8caab9c7be14b30024ff60eaf","src/main/java/org/redisson/pubsub/PublishSubscribe.java","onMessage(String, Long)","onMessage(String, Object)"
"bb9a016d5b161da8caab9c7be14b30024ff60eaf","src/main/java/org/redisson/reactive/RedissonTopicReactive.java","addListener(RedisPubSubListener<M>)","addListener(RedisPubSubListener<?>)"
"dd7b93fef4ccc43b88141fc7136af3f648cd36f4","src/main/java/org/redisson/RedissonReference.java","setType(Class<? extends RObject>)","setType(Class)"
"4fcd54ec8cc7457434d0eb50de52274658625f3c","src/main/java/org/redisson/RedissonSortedSet.java","checkComparator(RedisConnection)","checkComparator()"
"4fcd54ec8cc7457434d0eb50de52274658625f3c","src/main/java/org/redisson/RedissonSortedSet.java","binarySearch(V, Codec, RedisConnection)","binarySearch(V, Codec)"
"04ed0643469314d7da199cea3827022f8f85b4f2","src/main/java/org/redisson/RedissonReference.java","setKeyName(Object)","setKeyName(String)"
"a8945c6ba00755bbc08b1df5e2b4beb685041447","src/main/java/org/redisson/liveobject/core/AccessorInterceptor.java","intercept(Method, Callable<?>, Object[], T)","intercept(Method, Callable<?>, Object[], Object)"
"a8945c6ba00755bbc08b1df5e2b4beb685041447","src/main/java/org/redisson/liveobject/core/AccessorInterceptor.java","initLiveMapIfRequired(K)","initLiveMapIfRequired(Object)"
"a8945c6ba00755bbc08b1df5e2b4beb685041447","src/main/java/org/redisson/liveobject/core/AccessorInterceptor.java","getMapKey(K)","getMapKey(Object)"
"a8945c6ba00755bbc08b1df5e2b4beb685041447","src/main/java/org/redisson/liveobject/core/AccessorInterceptor.java","getId(T)","getId(Object)"
"f8dfdb715490e3b8a3bc44a412e8df95538cc041","src/main/java/org/redisson/RedissonSortedSet.java","setIndex(int)","setIndex(Integer)"
"31232a72601e678277d0022fd20dbc10534bb0c9","src/main/java/org/redisson/RedissonRemoteService.java","tryPollAckAgain(RemoteInvocationOptions, RBlockingQueue<RRemoteServiceResponse>, String)","tryPollAckAgain(RemoteInvocationOptions, RBlockingQueue<? extends RRemoteServiceResponse>, String)"
"4f8663f21ac0a3c2fa87280bdc5c914f6c6ee3f9","src/main/java/org/redisson/client/handler/CommandEncoder.java","encode(ChannelHandlerContext, CommandData<Object,Object>, ByteBuf)","encode(ChannelHandlerContext, CommandData<?,?>, ByteBuf)"
"4f8663f21ac0a3c2fa87280bdc5c914f6c6ee3f9","src/main/java/org/redisson/client/handler/CommandEncoder.java","selectEncoder(CommandData<Object,Object>, int)","selectEncoder(CommandData<?,?>, int)"
"abca09e5b7a5f71cb0618deb9fe3598bee870699","src/main/java/org/redisson/client/handler/CommandDecoder.java","decode(ByteBuf, CommandData<Object,Object>, List<Object>, Channel, Decoder<Object>)","decode(ByteBuf, CommandData<Object,Object>, List<Object>, Channel)"
"abca09e5b7a5f71cb0618deb9fe3598bee870699","src/main/java/org/redisson/client/handler/CommandDecoder.java","decodeMulti(ByteBuf, CommandData<Object,Object>, List<Object>, Channel, Decoder<Object>, long, List<Object>, boolean)","decodeMulti(ByteBuf, CommandData<Object,Object>, List<Object>, Channel, long, List<Object>)"
"abca09e5b7a5f71cb0618deb9fe3598bee870699","src/main/java/org/redisson/client/handler/State.java","setDecoderState(Object)","setDecoderState(DecoderState)"
"b67731aceef60fd48ce2a135934f038abf51bb3d","src/main/java/org/redisson/Redisson.java","getBuckets(String)","getBuckets()"
"b67731aceef60fd48ce2a135934f038abf51bb3d","src/main/java/org/redisson/RedissonClient.java","getBuckets(String)","getBuckets()"
"22a3dd2a09c731f54484ad47da2292aa3cc4d6d3","src/main/java/org/redisson/Redisson.java","getBuckets(String)","getBuckets()"
"22a3dd2a09c731f54484ad47da2292aa3cc4d6d3","src/main/java/org/redisson/RedissonClient.java","getBuckets(String)","getBuckets()"
"8495095697104ea4ef395606d5eac9199d860dbd","src/main/java/org/redisson/RedissonRemoteService.java","operationComplete(Future<Long>)","operationComplete(Future<List<?>>)"
"8495095697104ea4ef395606d5eac9199d860dbd","src/main/java/org/redisson/RedissonRemoteService.java","operationComplete(Future<Long>)","operationComplete(Future<List<?>>)"
"8495095697104ea4ef395606d5eac9199d860dbd","src/main/java/org/redisson/RedissonRemoteService.java","invokeMethod(RemoteServiceRequest, RemoteServiceMethod, RTopic<RRemoteServiceResponse>)","invokeMethod(RemoteServiceRequest, RemoteServiceMethod, String)"
"901be4439e6d9643d25d99648c7c637a92fba625","src/main/java/org/redisson/client/handler/ConnectionWatchdog.java","reattachBlockingQueue(RedisConnection, CommandData)","reattachBlockingQueue(RedisConnection, CommandData<?,?>)"
"bb7a14c4ba91666c31f50db76c6752e9b5a4a715","src/main/java/org/redisson/RedissonRemoteService.java","onMessage(String, RemoteServiceResponse)","onMessage(String, RRemoteServiceResponse)"
"bb7a14c4ba91666c31f50db76c6752e9b5a4a715","src/main/java/org/redisson/RedissonRemoteService.java","get(Class<T>, int, TimeUnit)","get(Class<T>, long, TimeUnit)"
"c40168ed89324feef688afc917205149f79f73ac","src/test/java/org/redisson/RedisRunner.java","addConfigOption(REDIS_OPTIONS, String)","addConfigOption(REDIS_OPTIONS, Object)"
"4caa8f48294588a5fd3941c2192eb5d4a5ee1785","src/test/java/org/redisson/RedisRunner.java","addConfigOption(OPTIONS, String)","addConfigOption(REDIS_OPTIONS, String)"
"4caa8f48294588a5fd3941c2192eb5d4a5ee1785","src/test/java/org/redisson/RedisRunner.java","tcpBacklog(int)","tcpBacklog(long)"
"4caa8f48294588a5fd3941c2192eb5d4a5ee1785","src/test/java/org/redisson/RedisRunner.java","unixsocketperm(String)","unixsocketperm(int)"
"2e679b222e5b301c7bff2cf37115c02aab6d9b0b","src/main/java/org/redisson/RedissonScoredSortedSet.java","value(String, boolean)","value(double, boolean)"
"893a15ec334245cd847c2cf3e450371e08369ff6","src/main/java/org/redisson/connection/ClientConnectionsEntry.java","connect(MasterSlaveServersConfig)","connect()"
"893a15ec334245cd847c2cf3e450371e08369ff6","src/main/java/org/redisson/connection/ClientConnectionsEntry.java","addReconnectListener(Promise<T>, MasterSlaveServersConfig, T)","addReconnectListener(Promise<T>, T)"
"893a15ec334245cd847c2cf3e450371e08369ff6","src/main/java/org/redisson/connection/ClientConnectionsEntry.java","connectPubSub(MasterSlaveServersConfig)","connectPubSub()"
"5cca26e5260bfb8129da758c45f9fdf4efc323a4","src/main/java/org/redisson/api/RListReactive.java","remove(int)","remove(long)"
"5cca26e5260bfb8129da758c45f9fdf4efc323a4","src/main/java/org/redisson/reactive/RedissonListReactive.java","remove(int)","remove(long)"
"34812e3ce771951c9d9aa3aeeebb162ec309cf71","src/main/java/org/redisson/connection/MasterSlaveConnectionManager.java","subscribe(Codec, String, RedisPubSubListener)","subscribe(Codec, String, RedisPubSubListener<?>)"
"34812e3ce771951c9d9aa3aeeebb162ec309cf71","src/main/java/org/redisson/connection/MasterSlaveConnectionManager.java","subscribe(Codec, String, RedisPubSubListener, Promise<PubSubConnectionEntry>)","subscribe(Codec, String, RedisPubSubListener<?>, Promise<PubSubConnectionEntry>)"
"34812e3ce771951c9d9aa3aeeebb162ec309cf71","src/main/java/org/redisson/connection/MasterSlaveConnectionManager.java","connect(Codec, String, RedisPubSubListener, Promise<PubSubConnectionEntry>)","connect(Codec, String, RedisPubSubListener<?>, Promise<PubSubConnectionEntry>)"
"cfa8872bc067308a3ccde0547b14f97f8eb69008","src/main/java/org/redisson/connection/ConnectionManager.java","subscribe(Codec, String, RedisPubSubListener)","subscribe(Codec, String, RedisPubSubListener<?>)"
"ade8ef7a05a61e85d2d7160ff8273e09970e09d3","src/main/java/org/redisson/connection/MasterSlaveEntry.java","initSlaveBalancer(MasterSlaveServersConfig)","initSlaveBalancer()"
"3e0f02cbf88e399986c2e52d9f75444baf107fad","src/main/java/org/redisson/cluster/ClusterConnectionManager.java","connect(ClusterServersConfig, URI, boolean)","connect(ClusterServersConfig, URI)"
"3e0f02cbf88e399986c2e52d9f75444baf107fad","src/main/java/org/redisson/cluster/ClusterConnectionManager.java","addMasterEntry(ClusterPartition, ClusterServersConfig, boolean)","addMasterEntry(ClusterPartition, ClusterServersConfig)"
"9e3a1a308d0a94fb5a8880e2bb8ce935a98306db","src/main/java/org/redisson/reactive/RedissonMapReactive.java","getValue(java.util.Map.Entry<K,V>)","getValue(Entry<ScanObjectEntry,ScanObjectEntry>)"
"9e3a1a308d0a94fb5a8880e2bb8ce935a98306db","src/main/java/org/redisson/reactive/RedissonMapReactive.java","getValue(java.util.Map.Entry<K,V>)","getValue(Entry<ScanObjectEntry,ScanObjectEntry>)"
"9e3a1a308d0a94fb5a8880e2bb8ce935a98306db","src/main/java/org/redisson/reactive/RedissonMapReactiveIterator.java","onNext(MapScanResult<Object,V>)","onNext(MapScanResult<ScanObjectEntry,ScanObjectEntry>)"
"9e3a1a308d0a94fb5a8880e2bb8ce935a98306db","src/main/java/org/redisson/reactive/RedissonMapReactiveIterator.java","getValue(Entry<K,V>)","getValue(Entry<ScanObjectEntry,ScanObjectEntry>)"
"084d368cfacf4053a379a7df8da48c7d73813f09","src/main/java/org/redisson/RedissonMap.java","getValue(java.util.Map.Entry<K,V>)","getValue(java.util.Map.Entry<ScanObjectEntry,ScanObjectEntry>)"
"084d368cfacf4053a379a7df8da48c7d73813f09","src/main/java/org/redisson/RedissonMap.java","getValue(java.util.Map.Entry<K,V>)","getValue(java.util.Map.Entry<ScanObjectEntry,ScanObjectEntry>)"
"084d368cfacf4053a379a7df8da48c7d73813f09","src/main/java/org/redisson/RedissonMapIterator.java","getValue(Entry<K,V>)","getValue(Entry<ScanObjectEntry,ScanObjectEntry>)"
"ffee2d93fb5a202dcd77e41fa81dc025cedc6740","src/main/java/org/redisson/api/RBitSetReactive.java","set(int, int, boolean)","set(long, long, boolean)"
"ffee2d93fb5a202dcd77e41fa81dc025cedc6740","src/main/java/org/redisson/api/RBitSetReactive.java","clear(int, int)","clear(long, long)"
"ffee2d93fb5a202dcd77e41fa81dc025cedc6740","src/main/java/org/redisson/api/RBitSetReactive.java","set(int, int)","set(long, long)"
"ffee2d93fb5a202dcd77e41fa81dc025cedc6740","src/main/java/org/redisson/api/RBitSetReactive.java","get(int)","get(long)"
"ffee2d93fb5a202dcd77e41fa81dc025cedc6740","src/main/java/org/redisson/api/RBitSetReactive.java","set(int)","set(long)"
"ffee2d93fb5a202dcd77e41fa81dc025cedc6740","src/main/java/org/redisson/api/RBitSetReactive.java","set(int, boolean)","set(long, boolean)"
"ffee2d93fb5a202dcd77e41fa81dc025cedc6740","src/main/java/org/redisson/api/RBitSetReactive.java","clear(int)","clear(long)"
"ffee2d93fb5a202dcd77e41fa81dc025cedc6740","src/main/java/org/redisson/reactive/RedissonBitSetReactive.java","get(int)","get(long)"
"ffee2d93fb5a202dcd77e41fa81dc025cedc6740","src/main/java/org/redisson/reactive/RedissonBitSetReactive.java","set(int, boolean)","set(long, boolean)"
"ffee2d93fb5a202dcd77e41fa81dc025cedc6740","src/main/java/org/redisson/reactive/RedissonBitSetReactive.java","set(int, int, boolean)","set(long, long, boolean)"
"ffee2d93fb5a202dcd77e41fa81dc025cedc6740","src/main/java/org/redisson/reactive/RedissonBitSetReactive.java","clear(int, int)","clear(long, long)"
"ffee2d93fb5a202dcd77e41fa81dc025cedc6740","src/main/java/org/redisson/reactive/RedissonBitSetReactive.java","set(int, int)","set(long, long)"
"ffee2d93fb5a202dcd77e41fa81dc025cedc6740","src/main/java/org/redisson/reactive/RedissonBitSetReactive.java","set(int)","set(long)"
"ffee2d93fb5a202dcd77e41fa81dc025cedc6740","src/main/java/org/redisson/reactive/RedissonBitSetReactive.java","clear(int)","clear(long)"
"32ca15c5906dddd5d6cbb8dd0412bb059e550093","src/main/java/org/redisson/RedissonBitSet.java","get(int)","get(long)"
"32ca15c5906dddd5d6cbb8dd0412bb059e550093","src/main/java/org/redisson/RedissonBitSet.java","getAsync(int)","getAsync(long)"
"32ca15c5906dddd5d6cbb8dd0412bb059e550093","src/main/java/org/redisson/RedissonBitSet.java","set(int)","set(long)"
"32ca15c5906dddd5d6cbb8dd0412bb059e550093","src/main/java/org/redisson/RedissonBitSet.java","set(int, int, boolean)","set(long, long, boolean)"
"32ca15c5906dddd5d6cbb8dd0412bb059e550093","src/main/java/org/redisson/RedissonBitSet.java","set(int, int)","set(long, long)"
"32ca15c5906dddd5d6cbb8dd0412bb059e550093","src/main/java/org/redisson/RedissonBitSet.java","set(int, boolean)","set(long, boolean)"
"32ca15c5906dddd5d6cbb8dd0412bb059e550093","src/main/java/org/redisson/RedissonBitSet.java","setAsync(int, boolean)","setAsync(long, boolean)"
"32ca15c5906dddd5d6cbb8dd0412bb059e550093","src/main/java/org/redisson/RedissonBitSet.java","clear(int, int)","clear(long, long)"
"32ca15c5906dddd5d6cbb8dd0412bb059e550093","src/main/java/org/redisson/RedissonBitSet.java","clear(int)","clear(long)"
"32ca15c5906dddd5d6cbb8dd0412bb059e550093","src/main/java/org/redisson/RedissonBitSet.java","setAsync(int, int, boolean)","setAsync(long, long, boolean)"
"32ca15c5906dddd5d6cbb8dd0412bb059e550093","src/main/java/org/redisson/RedissonBitSet.java","clearAsync(int, int)","clearAsync(long, long)"
"32ca15c5906dddd5d6cbb8dd0412bb059e550093","src/main/java/org/redisson/RedissonBitSet.java","setAsync(int, int)","setAsync(long, long)"
"32ca15c5906dddd5d6cbb8dd0412bb059e550093","src/main/java/org/redisson/RedissonBitSet.java","setAsync(int)","setAsync(long)"
"32ca15c5906dddd5d6cbb8dd0412bb059e550093","src/main/java/org/redisson/RedissonBitSet.java","clearAsync(int)","clearAsync(long)"
"32ca15c5906dddd5d6cbb8dd0412bb059e550093","src/main/java/org/redisson/core/RBitSet.java","set(int, int, boolean)","set(long, long, boolean)"
"32ca15c5906dddd5d6cbb8dd0412bb059e550093","src/main/java/org/redisson/core/RBitSet.java","clear(int, int)","clear(long, long)"
"32ca15c5906dddd5d6cbb8dd0412bb059e550093","src/main/java/org/redisson/core/RBitSet.java","set(int, int)","set(long, long)"
"32ca15c5906dddd5d6cbb8dd0412bb059e550093","src/main/java/org/redisson/core/RBitSet.java","get(int)","get(long)"
"32ca15c5906dddd5d6cbb8dd0412bb059e550093","src/main/java/org/redisson/core/RBitSet.java","set(int)","set(long)"
"32ca15c5906dddd5d6cbb8dd0412bb059e550093","src/main/java/org/redisson/core/RBitSet.java","set(int, boolean)","set(long, boolean)"
"32ca15c5906dddd5d6cbb8dd0412bb059e550093","src/main/java/org/redisson/core/RBitSet.java","clear(int)","clear(long)"
"32ca15c5906dddd5d6cbb8dd0412bb059e550093","src/main/java/org/redisson/core/RBitSetAsync.java","setAsync(int, int, boolean)","setAsync(long, long, boolean)"
"32ca15c5906dddd5d6cbb8dd0412bb059e550093","src/main/java/org/redisson/core/RBitSetAsync.java","clearAsync(int, int)","clearAsync(long, long)"
"32ca15c5906dddd5d6cbb8dd0412bb059e550093","src/main/java/org/redisson/core/RBitSetAsync.java","setAsync(int, int)","setAsync(long, long)"
"32ca15c5906dddd5d6cbb8dd0412bb059e550093","src/main/java/org/redisson/core/RBitSetAsync.java","getAsync(int)","getAsync(long)"
"32ca15c5906dddd5d6cbb8dd0412bb059e550093","src/main/java/org/redisson/core/RBitSetAsync.java","setAsync(int)","setAsync(long)"
"32ca15c5906dddd5d6cbb8dd0412bb059e550093","src/main/java/org/redisson/core/RBitSetAsync.java","setAsync(int, boolean)","setAsync(long, boolean)"
"32ca15c5906dddd5d6cbb8dd0412bb059e550093","src/main/java/org/redisson/core/RBitSetAsync.java","clearAsync(int)","clearAsync(long)"
"76eebdd45ab8b9e28c64893b460d029fb3086c90","src/main/java/org/redisson/connection/SentinelConnectionManager.java","slaveUp(String, int)","slaveUp(String, String)"
"6454ec28d44a519deb634559bc9569256ff3eab3","src/main/java/org/redisson/command/CommandAsyncService.java","releaseConnection(NodeSource, AsyncDetails<V,R>, RedisConnection)","releaseConnection(NodeSource, Future<RedisConnection>, boolean, Promise<R>)"
"fac418e9f675262c9c01157a50d18a9ce6b1d0b6","src/main/java/org/redisson/command/CommandAsyncService.java","async(boolean, NodeSource, MultiDecoder<Object>, Codec, RedisCommand<V>, Object[], Promise<R>, int)","async(boolean, NodeSource, Codec, RedisCommand<V>, Object[], Promise<R>, int)"
"7a64333f0f209e3e3709aec3886cfe3db27f22d6","src/main/java/org/redisson/client/handler/CommandsQueue.java","sendNextCommand(ChannelHandlerContext)","sendNextCommand(Channel)"
"7a64333f0f209e3e3709aec3886cfe3db27f22d6","src/main/java/org/redisson/client/handler/CommandsQueue.java","sendData(ChannelHandlerContext)","sendData(Channel)"
"e17a9ce303793becf429b4223ebb931568d099f1","src/main/java/org/redisson/command/CommandAsyncService.java","evalAsync(NodeSource, boolean, String, Codec, RedisCommand<T>, String, List<Object>, Object)","evalAsync(NodeSource, boolean, Codec, RedisCommand<T>, String, List<Object>, Object)"
"1d2461ec25ec0cc029ccfa985ef6e968de6c31d5","src/main/java/org/redisson/pubsub/CountDownLatchPubSub.java","onMessage(String, Long)","onMessage(RedissonCountDownLatchEntry, Long)"
"1d2461ec25ec0cc029ccfa985ef6e968de6c31d5","src/main/java/org/redisson/pubsub/LockPubSub.java","onMessage(String, Long)","onMessage(RedissonLockEntry, Long)"
"53d8ba3743133aacd7c1cbb5a242e1bd70db6cc6","src/main/java/org/redisson/connection/ClientConnectionsEntry.java","addReconnectListener(MasterSlaveServersConfig, RedisConnection)","addReconnectListener(Promise<T>, MasterSlaveServersConfig, T)"
"ec53659eecb2a2b0e8ebfce57ac622e08baa327c","src/main/java/org/redisson/misc/ConnectionPool.java","initConnections(ClientConnectionsEntry, Runnable, boolean)","initConnections(ClientConnectionsEntry, Promise<Void>, boolean)"
"2436dcc52ff4667705902d15243a3c51f5530b1f","src/main/java/org/redisson/RedissonCountDownLatch.java","unsubscribe(RedissonCountDownLatchEntry)","unsubscribe(Future<RedissonCountDownLatchEntry>)"
"2436dcc52ff4667705902d15243a3c51f5530b1f","src/main/java/org/redisson/RedissonLock.java","unsubscribe(RedissonLockEntry)","unsubscribe(Future<RedissonLockEntry>)"
"0385443b568cf422dbe19ce743e5f5c8f9737d19","src/test/java/org/redisson/ConcurrentRedissonSortedSetTest.java","run(Redisson)","run(RedissonClient)"
"0385443b568cf422dbe19ce743e5f5c8f9737d19","src/test/java/org/redisson/ConcurrentRedissonSortedSetTest.java","run(Redisson)","run(RedissonClient)"
"0385443b568cf422dbe19ce743e5f5c8f9737d19","src/test/java/org/redisson/RedissonConcurrentMapTest.java","run(Redisson)","run(RedissonClient)"
"0385443b568cf422dbe19ce743e5f5c8f9737d19","src/test/java/org/redisson/RedissonConcurrentMapTest.java","run(Redisson)","run(RedissonClient)"
"0385443b568cf422dbe19ce743e5f5c8f9737d19","src/test/java/org/redisson/RedissonConcurrentMapTest.java","run(Redisson)","run(RedissonClient)"
"0385443b568cf422dbe19ce743e5f5c8f9737d19","src/test/java/org/redisson/RedissonConcurrentMapTest.java","run(Redisson)","run(RedissonClient)"
"0385443b568cf422dbe19ce743e5f5c8f9737d19","src/test/java/org/redisson/RedissonConcurrentMapTest.java","run(Redisson)","run(RedissonClient)"
"0385443b568cf422dbe19ce743e5f5c8f9737d19","src/test/java/org/redisson/RedissonConcurrentMapTest.java","run(Redisson)","run(RedissonClient)"
"0385443b568cf422dbe19ce743e5f5c8f9737d19","src/test/java/org/redisson/RedissonConcurrentMapTest.java","run(Redisson)","run(RedissonClient)"
"0385443b568cf422dbe19ce743e5f5c8f9737d19","src/test/java/org/redisson/RedissonConcurrentMapTest.java","run(Redisson)","run(RedissonClient)"
"0385443b568cf422dbe19ce743e5f5c8f9737d19","src/test/java/org/redisson/RedissonConcurrentMapTest.java","run(Redisson)","run(RedissonClient)"
"0385443b568cf422dbe19ce743e5f5c8f9737d19","src/test/java/org/redisson/RedissonConcurrentMapTest.java","run(Redisson)","run(RedissonClient)"
"0385443b568cf422dbe19ce743e5f5c8f9737d19","src/test/java/org/redisson/RedissonLockTest.java","run(Redisson)","run(RedissonClient)"
"0385443b568cf422dbe19ce743e5f5c8f9737d19","src/test/java/org/redisson/RedissonLockTest.java","run(Redisson)","run(RedissonClient)"
"0385443b568cf422dbe19ce743e5f5c8f9737d19","src/test/java/org/redisson/RedissonLockTest.java","run(Redisson)","run(RedissonClient)"
"0385443b568cf422dbe19ce743e5f5c8f9737d19","src/test/java/org/redisson/RedissonLockTest.java","run(Redisson)","run(RedissonClient)"
"0385443b568cf422dbe19ce743e5f5c8f9737d19","src/test/java/org/redisson/RedissonRunnable.java","run(Redisson)","run(RedissonClient)"
"1802228a5e8ce89da8605661781cd2626c7b52dc","src/main/java/org/redisson/RedissonLock.java","onMessage(String, Integer)","onMessage(String, Long)"
"316ee3268a042572a7490af6b76f2b753284ef00","src/main/java/org/redisson/RedissonCountDownLatch.java","onMessage(String, Integer)","onMessage(String, Long)"
"3d507c4fec3c5e21a83fa55b704cbda5b9ae6bd3","src/main/java/org/redisson/connection/ConnectionListener.java","onConnect(MasterSlaveServersConfig, NodeType, FutureConnectionListener)","onConnect(Promise<T>, T, NodeType, MasterSlaveServersConfig)"
"3d507c4fec3c5e21a83fa55b704cbda5b9ae6bd3","src/main/java/org/redisson/connection/DefaultConnectionListener.java","onConnect(MasterSlaveServersConfig, NodeType, FutureConnectionListener)","onConnect(Promise<T>, T, NodeType, MasterSlaveServersConfig)"
"029f5dca02c9de42933c48a9d7dd0777d0eea6da","src/main/java/org/redisson/RedissonObjectReactive.java","toSubscriber(PublishSubject<V>)","toSubscriber(Subscriber<V>)"
"556b0b2a79e0d1d2f168fbd340b217ecf344b448","src/main/java/org/redisson/connection/LoadBalancer.java","getEntry(List<SubscribesConnectionEntry>)","getEntry(List<ClientConnectionsEntry>)"
"556b0b2a79e0d1d2f168fbd340b217ecf344b448","src/main/java/org/redisson/connection/LoadBalancerManager.java","add(SubscribesConnectionEntry)","add(ClientConnectionsEntry)"
"556b0b2a79e0d1d2f168fbd340b217ecf344b448","src/main/java/org/redisson/connection/LoadBalancerManagerImpl.java","add(SubscribesConnectionEntry)","add(ClientConnectionsEntry)"
"556b0b2a79e0d1d2f168fbd340b217ecf344b448","src/main/java/org/redisson/connection/RandomLoadBalancer.java","getEntry(List<SubscribesConnectionEntry>)","getEntry(List<ClientConnectionsEntry>)"
"556b0b2a79e0d1d2f168fbd340b217ecf344b448","src/main/java/org/redisson/connection/RoundRobinLoadBalancer.java","getEntry(List<SubscribesConnectionEntry>)","getEntry(List<ClientConnectionsEntry>)"
"556b0b2a79e0d1d2f168fbd340b217ecf344b448","src/main/java/org/redisson/misc/ConnectionPool.java","add(SubscribesConnectionEntry)","add(ClientConnectionsEntry)"
"556b0b2a79e0d1d2f168fbd340b217ecf344b448","src/main/java/org/redisson/misc/ConnectionPool.java","initConnections(SubscribesConnectionEntry, Runnable, boolean)","initConnections(ClientConnectionsEntry, Runnable, boolean)"
"556b0b2a79e0d1d2f168fbd340b217ecf344b448","src/main/java/org/redisson/misc/ConnectionPool.java","getMinimumIdleSize(SubscribesConnectionEntry)","getMinimumIdleSize(ClientConnectionsEntry)"
"556b0b2a79e0d1d2f168fbd340b217ecf344b448","src/main/java/org/redisson/misc/ConnectionPool.java","remove(SubscribesConnectionEntry)","remove(ClientConnectionsEntry)"
"556b0b2a79e0d1d2f168fbd340b217ecf344b448","src/main/java/org/redisson/misc/ConnectionPool.java","get(SubscribesConnectionEntry)","get(ClientConnectionsEntry)"
"556b0b2a79e0d1d2f168fbd340b217ecf344b448","src/main/java/org/redisson/misc/ConnectionPool.java","tryAcquireConnection(SubscribesConnectionEntry)","tryAcquireConnection(ClientConnectionsEntry)"
"556b0b2a79e0d1d2f168fbd340b217ecf344b448","src/main/java/org/redisson/misc/ConnectionPool.java","poll(SubscribesConnectionEntry)","poll(ClientConnectionsEntry)"
"556b0b2a79e0d1d2f168fbd340b217ecf344b448","src/main/java/org/redisson/misc/ConnectionPool.java","connect(SubscribesConnectionEntry)","connect(ClientConnectionsEntry)"
"556b0b2a79e0d1d2f168fbd340b217ecf344b448","src/main/java/org/redisson/misc/ConnectionPool.java","connect(SubscribesConnectionEntry, Promise<T>)","connect(ClientConnectionsEntry, Promise<T>)"
"556b0b2a79e0d1d2f168fbd340b217ecf344b448","src/main/java/org/redisson/misc/ConnectionPool.java","promiseSuccessful(SubscribesConnectionEntry, Promise<T>, T)","promiseSuccessful(ClientConnectionsEntry, Promise<T>, T)"
"556b0b2a79e0d1d2f168fbd340b217ecf344b448","src/main/java/org/redisson/misc/ConnectionPool.java","promiseFailure(SubscribesConnectionEntry, Promise<T>, Throwable)","promiseFailure(ClientConnectionsEntry, Promise<T>, Throwable)"
"556b0b2a79e0d1d2f168fbd340b217ecf344b448","src/main/java/org/redisson/misc/ConnectionPool.java","freezeMaster(SubscribesConnectionEntry)","freezeMaster(ClientConnectionsEntry)"
"556b0b2a79e0d1d2f168fbd340b217ecf344b448","src/main/java/org/redisson/misc/ConnectionPool.java","promiseFailure(SubscribesConnectionEntry, Promise<T>, T)","promiseFailure(ClientConnectionsEntry, Promise<T>, T)"
"556b0b2a79e0d1d2f168fbd340b217ecf344b448","src/main/java/org/redisson/misc/ConnectionPool.java","scheduleCheck(SubscribesConnectionEntry)","scheduleCheck(ClientConnectionsEntry)"
"556b0b2a79e0d1d2f168fbd340b217ecf344b448","src/main/java/org/redisson/misc/ConnectionPool.java","returnConnection(SubscribesConnectionEntry, T)","returnConnection(ClientConnectionsEntry, T)"
"556b0b2a79e0d1d2f168fbd340b217ecf344b448","src/main/java/org/redisson/misc/ConnectionPool.java","releaseConnection(SubscribesConnectionEntry)","releaseConnection(ClientConnectionsEntry)"
"556b0b2a79e0d1d2f168fbd340b217ecf344b448","src/main/java/org/redisson/misc/ConnectionPool.java","handleQueue(SubscribesConnectionEntry, boolean)","handleQueue(ClientConnectionsEntry, boolean)"
"556b0b2a79e0d1d2f168fbd340b217ecf344b448","src/main/java/org/redisson/misc/ConnectionPool.java","releaseConnection(SubscribesConnectionEntry, T)","releaseConnection(ClientConnectionsEntry, T)"
"556b0b2a79e0d1d2f168fbd340b217ecf344b448","src/main/java/org/redisson/misc/MasterConnectionPool.java","getMinimumIdleSize(SubscribesConnectionEntry)","getMinimumIdleSize(ClientConnectionsEntry)"
"556b0b2a79e0d1d2f168fbd340b217ecf344b448","src/main/java/org/redisson/misc/PubSubConnectionPoll.java","poll(SubscribesConnectionEntry)","poll(ClientConnectionsEntry)"
"556b0b2a79e0d1d2f168fbd340b217ecf344b448","src/main/java/org/redisson/misc/PubSubConnectionPoll.java","getMinimumIdleSize(SubscribesConnectionEntry)","getMinimumIdleSize(ClientConnectionsEntry)"
"556b0b2a79e0d1d2f168fbd340b217ecf344b448","src/main/java/org/redisson/misc/PubSubConnectionPoll.java","connect(SubscribesConnectionEntry)","connect(ClientConnectionsEntry)"
"556b0b2a79e0d1d2f168fbd340b217ecf344b448","src/main/java/org/redisson/misc/PubSubConnectionPoll.java","tryAcquireConnection(SubscribesConnectionEntry)","tryAcquireConnection(ClientConnectionsEntry)"
"556b0b2a79e0d1d2f168fbd340b217ecf344b448","src/main/java/org/redisson/misc/PubSubConnectionPoll.java","releaseConnection(SubscribesConnectionEntry)","releaseConnection(ClientConnectionsEntry)"
"556b0b2a79e0d1d2f168fbd340b217ecf344b448","src/main/java/org/redisson/misc/PubSubConnectionPoll.java","releaseConnection(SubscribesConnectionEntry, RedisPubSubConnection)","releaseConnection(ClientConnectionsEntry, RedisPubSubConnection)"
"9174a3399424f60e6b6ad1a390cd921197159be0","src/main/java/org/redisson/CommandBatchExecutorService.java","async(boolean, NodeSource, MultiDecoder<Object>, Codec, RedisCommand<V>, Object[], Promise<R>, RedisClient, int)","async(boolean, NodeSource, MultiDecoder<Object>, Codec, RedisCommand<V>, Object[], Promise<R>, int)"
"9174a3399424f60e6b6ad1a390cd921197159be0","src/main/java/org/redisson/CommandExecutorService.java","read(RedisClient, String, RedisCommand<T>, Object)","read(InetSocketAddress, String, RedisCommand<T>, Object)"
"9174a3399424f60e6b6ad1a390cd921197159be0","src/main/java/org/redisson/CommandExecutorService.java","read(RedisClient, String, Codec, RedisCommand<T>, Object)","read(InetSocketAddress, String, Codec, RedisCommand<T>, Object)"
"9174a3399424f60e6b6ad1a390cd921197159be0","src/main/java/org/redisson/CommandExecutorService.java","readAsync(RedisClient, String, Codec, RedisCommand<T>, Object)","readAsync(InetSocketAddress, String, Codec, RedisCommand<T>, Object)"
"9174a3399424f60e6b6ad1a390cd921197159be0","src/main/java/org/redisson/CommandExecutorService.java","async(boolean, NodeSource, MultiDecoder<Object>, Codec, RedisCommand<V>, Object[], Promise<R>, RedisClient, int)","async(boolean, NodeSource, MultiDecoder<Object>, Codec, RedisCommand<V>, Object[], Promise<R>, int)"
"9174a3399424f60e6b6ad1a390cd921197159be0","src/main/java/org/redisson/RedisClientResult.java","setRedisClient(RedisClient)","setRedisClient(InetSocketAddress)"
"9174a3399424f60e6b6ad1a390cd921197159be0","src/main/java/org/redisson/RedissonScoredSortedSet.java","scanIterator(RedisClient, long)","scanIterator(InetSocketAddress, long)"
"9174a3399424f60e6b6ad1a390cd921197159be0","src/main/java/org/redisson/RedissonSet.java","scanIterator(RedisClient, long)","scanIterator(InetSocketAddress, long)"
"9174a3399424f60e6b6ad1a390cd921197159be0","src/main/java/org/redisson/client/protocol/decoder/ListScanResult.java","setRedisClient(RedisClient)","setRedisClient(InetSocketAddress)"
"9174a3399424f60e6b6ad1a390cd921197159be0","src/main/java/org/redisson/client/protocol/decoder/MapScanResult.java","setRedisClient(RedisClient)","setRedisClient(InetSocketAddress)"
"9174a3399424f60e6b6ad1a390cd921197159be0","src/main/java/org/redisson/connection/BaseLoadBalancer.java","getConnection(RedisClient)","getConnection(InetSocketAddress)"
"9174a3399424f60e6b6ad1a390cd921197159be0","src/main/java/org/redisson/connection/LoadBalancer.java","getConnection(RedisClient)","getConnection(InetSocketAddress)"
"9174a3399424f60e6b6ad1a390cd921197159be0","src/main/java/org/redisson/connection/MasterSlaveEntry.java","connectionReadOp(RedisClient)","connectionReadOp(InetSocketAddress)"
"14262bd25ea1739d2a7f3788c8fd67f38ec92182","src/main/java/org/redisson/cluster/ClusterConnectionListener.java","onConnect(MasterSlaveServersConfig, Mode, FutureConnectionListener)","onConnect(MasterSlaveServersConfig, NodeType, FutureConnectionListener)"
"14262bd25ea1739d2a7f3788c8fd67f38ec92182","src/main/java/org/redisson/connection/ConnectionListener.java","onConnect(MasterSlaveServersConfig, Mode, FutureConnectionListener)","onConnect(MasterSlaveServersConfig, NodeType, FutureConnectionListener)"
"14262bd25ea1739d2a7f3788c8fd67f38ec92182","src/main/java/org/redisson/connection/DefaultConnectionListener.java","onConnect(MasterSlaveServersConfig, Mode, FutureConnectionListener)","onConnect(MasterSlaveServersConfig, NodeType, FutureConnectionListener)"
"14262bd25ea1739d2a7f3788c8fd67f38ec92182","src/main/java/org/redisson/connection/MasterSlaveEntry.java","addSlave(String, int, boolean, Mode)","addSlave(String, int, boolean, NodeType)"
"46138c7f14edfa182570a9add3d2aba404665511","src/main/java/org/redisson/cluster/ClusterConnectionListener.java","onConnect(MasterSlaveServersConfig, RedisConnection, Mode)","onConnect(MasterSlaveServersConfig, Mode, FutureConnectionListener)"
"46138c7f14edfa182570a9add3d2aba404665511","src/main/java/org/redisson/connection/ConnectionListener.java","onConnect(MasterSlaveServersConfig, RedisConnection, Mode)","onConnect(MasterSlaveServersConfig, Mode, FutureConnectionListener)"
"46138c7f14edfa182570a9add3d2aba404665511","src/main/java/org/redisson/connection/DefaultConnectionListener.java","onConnect(MasterSlaveServersConfig, RedisConnection, Mode)","onConnect(MasterSlaveServersConfig, Mode, FutureConnectionListener)"
"8f1d045422f9e8cb44cdfbc6a9880f6fb9b9f69b","src/main/java/org/redisson/MasterSlaveServersConfig.java","setSlaveAddresses(List<URI>)","setSlaveAddresses(Set<URI>)"
"8f1d045422f9e8cb44cdfbc6a9880f6fb9b9f69b","src/main/java/org/redisson/cluster/ClusterPartition.java","addSlotRanges(List<ClusterSlotRange>)","addSlotRanges(Set<ClusterSlotRange>)"
"8279398720c188ddf88d4ac464444ffc55e03b1f","src/main/java/org/redisson/CommandBatchExecutorService.java","async(boolean, int, MultiDecoder<Object>, Codec, RedisCommand<V>, Object[], Promise<R>, RedisClient, int)","async(boolean, NodeSource, MultiDecoder<Object>, Codec, RedisCommand<V>, Object[], Promise<R>, RedisClient, int)"
"8279398720c188ddf88d4ac464444ffc55e03b1f","src/main/java/org/redisson/CommandBatchExecutorService.java","execute(Entry, int, Promise<Void>, AtomicInteger, int)","execute(Entry, NodeSource, Promise<Void>, AtomicInteger, int)"
"8279398720c188ddf88d4ac464444ffc55e03b1f","src/main/java/org/redisson/CommandExecutorService.java","async(boolean, Codec, int, SyncOperation<R>, int)","async(boolean, Codec, NodeSource, SyncOperation<R>, int)"
"8279398720c188ddf88d4ac464444ffc55e03b1f","src/main/java/org/redisson/CommandExecutorService.java","async(boolean, int, MultiDecoder<Object>, Codec, RedisCommand<V>, Object[], Promise<R>, RedisClient, int)","async(boolean, NodeSource, MultiDecoder<Object>, Codec, RedisCommand<V>, Object[], Promise<R>, RedisClient, int)"
"8279398720c188ddf88d4ac464444ffc55e03b1f","src/main/java/org/redisson/connection/ConnectionManager.java","releaseRead(int, RedisConnection)","releaseRead(NodeSource, RedisConnection)"
"8279398720c188ddf88d4ac464444ffc55e03b1f","src/main/java/org/redisson/connection/ConnectionManager.java","releaseWrite(int, RedisConnection)","releaseWrite(NodeSource, RedisConnection)"
"8279398720c188ddf88d4ac464444ffc55e03b1f","src/main/java/org/redisson/connection/ConnectionManager.java","connectionReadOp(int, RedisCommand<?>)","connectionReadOp(NodeSource, RedisCommand<?>)"
"8279398720c188ddf88d4ac464444ffc55e03b1f","src/main/java/org/redisson/connection/ConnectionManager.java","connectionReadOp(int, RedisCommand<?>, RedisClient)","connectionReadOp(NodeSource, RedisCommand<?>, RedisClient)"
"8279398720c188ddf88d4ac464444ffc55e03b1f","src/main/java/org/redisson/connection/ConnectionManager.java","connectionWriteOp(int, RedisCommand<?>)","connectionWriteOp(NodeSource, RedisCommand<?>)"
"8279398720c188ddf88d4ac464444ffc55e03b1f","src/main/java/org/redisson/connection/ConnectionManager.java","createReleaseReadListener(int, RedisConnection, Timeout)","createReleaseReadListener(NodeSource, RedisConnection, Timeout)"
"8279398720c188ddf88d4ac464444ffc55e03b1f","src/main/java/org/redisson/connection/ConnectionManager.java","createReleaseWriteListener(int, RedisConnection, Timeout)","createReleaseWriteListener(NodeSource, RedisConnection, Timeout)"
"8279398720c188ddf88d4ac464444ffc55e03b1f","src/main/java/org/redisson/connection/ConnectionManager.java","getEntry(String)","getEntry(InetSocketAddress)"
"8279398720c188ddf88d4ac464444ffc55e03b1f","src/main/java/org/redisson/connection/MasterSlaveConnectionManager.java","createReleaseWriteListener(int, RedisConnection, Timeout)","createReleaseWriteListener(NodeSource, RedisConnection, Timeout)"
"8279398720c188ddf88d4ac464444ffc55e03b1f","src/main/java/org/redisson/connection/MasterSlaveConnectionManager.java","createReleaseReadListener(int, RedisConnection, Timeout)","createReleaseReadListener(NodeSource, RedisConnection, Timeout)"
"8279398720c188ddf88d4ac464444ffc55e03b1f","src/main/java/org/redisson/connection/MasterSlaveConnectionManager.java","getEntry(String)","getEntry(InetSocketAddress)"
"8279398720c188ddf88d4ac464444ffc55e03b1f","src/main/java/org/redisson/connection/MasterSlaveConnectionManager.java","connectionWriteOp(int, RedisCommand<?>)","connectionWriteOp(NodeSource, RedisCommand<?>)"
"8279398720c188ddf88d4ac464444ffc55e03b1f","src/main/java/org/redisson/connection/MasterSlaveConnectionManager.java","connectionReadOp(int, RedisCommand<?>)","connectionReadOp(NodeSource, RedisCommand<?>)"
"8279398720c188ddf88d4ac464444ffc55e03b1f","src/main/java/org/redisson/connection/MasterSlaveConnectionManager.java","connectionReadOp(int, RedisCommand<?>, RedisClient)","connectionReadOp(NodeSource, RedisCommand<?>, RedisClient)"
"8279398720c188ddf88d4ac464444ffc55e03b1f","src/main/java/org/redisson/connection/MasterSlaveConnectionManager.java","releaseWrite(int, RedisConnection)","releaseWrite(NodeSource, RedisConnection)"
"8279398720c188ddf88d4ac464444ffc55e03b1f","src/main/java/org/redisson/connection/MasterSlaveConnectionManager.java","releaseRead(int, RedisConnection)","releaseRead(NodeSource, RedisConnection)"
"2323e9bc020da2119848039e10df270e5b9e8de0","src/main/java/org/redisson/CommandExecutorService.java","retryReadRandomAsync(RedisCommand<T>, Promise<R>, List<Integer>, Object)","retryReadRandomAsync(RedisCommand<T>, Promise<R>, List<ClusterSlotRange>, Object)"
"2323e9bc020da2119848039e10df270e5b9e8de0","src/main/java/org/redisson/connection/MasterSlaveConnectionManager.java","slaveDown(int, String, int)","slaveDown(ClusterSlotRange, String, int)"
"2323e9bc020da2119848039e10df270e5b9e8de0","src/main/java/org/redisson/connection/MasterSlaveConnectionManager.java","changeMaster(int, String, int)","changeMaster(ClusterSlotRange, String, int)"
"2323e9bc020da2119848039e10df270e5b9e8de0","src/main/java/org/redisson/connection/MasterSlaveConnectionManager.java","removeMaster(int)","removeMaster(ClusterSlotRange)"
"803ca4434815e46e5e70b760b1cd787696469fff","src/main/java/org/redisson/RedissonScoredSortedSet.java","getScore(Object)","getScore(V)"
"803ca4434815e46e5e70b760b1cd787696469fff","src/main/java/org/redisson/RedissonScoredSortedSet.java","getScoreAsync(Object)","getScoreAsync(V)"
"803ca4434815e46e5e70b760b1cd787696469fff","src/main/java/org/redisson/core/RScoredSortedSet.java","getScore(Object)","getScore(V)"
"803ca4434815e46e5e70b760b1cd787696469fff","src/main/java/org/redisson/core/RScoredSortedSetAsync.java","getScoreAsync(Object)","getScoreAsync(V)"
"96c9e5c118d24e315880e4a308b04ebefe678a0f","src/main/java/org/redisson/connection/SentinelConnectionManager.java","onSlaveAdded(Set<String>, URI, String)","onSlaveAdded(URI, String)"
"96c9e5c118d24e315880e4a308b04ebefe678a0f","src/main/java/org/redisson/connection/SentinelConnectionManager.java","onSlaveDown(Set<String>, URI, String)","onSlaveDown(URI, String)"
"96c9e5c118d24e315880e4a308b04ebefe678a0f","src/main/java/org/redisson/connection/SentinelConnectionManager.java","onSlaveUp(Set<String>, URI, String)","onSlaveUp(URI, String)"
"96c9e5c118d24e315880e4a308b04ebefe678a0f","src/main/java/org/redisson/connection/SentinelConnectionManager.java","onMasterChange(SentinelServersConfig, AtomicReference<String>, URI, String)","onMasterChange(SentinelServersConfig, URI, String)"
"0142095c82a17751e081aaf1aa6b178ead7ea31b","src/main/java/org/redisson/CommandExecutorService.java","readRandomAsync(RedisCommand<T>, Codec, Object)","readRandomAsync(RedisCommand<T>, Object)"
"c8b7d6f56d0b124f773449c3c7a4b3860e9d631f","src/main/java/org/redisson/connection/BaseLoadBalancer.java","init(Codec, MasterSlaveServersConfig)","init(MasterSlaveServersConfig)"
"c8b7d6f56d0b124f773449c3c7a4b3860e9d631f","src/main/java/org/redisson/connection/LoadBalancer.java","init(Codec, MasterSlaveServersConfig)","init(MasterSlaveServersConfig)"
"d6a46630ee8d1d9fbcface1bfbf83bbb9ecac550","src/main/java/org/redisson/RedissonCountDownLatch.java","onStatus(Type, String)","onStatus(PubSubType, String)"
"d6a46630ee8d1d9fbcface1bfbf83bbb9ecac550","src/main/java/org/redisson/RedissonLock.java","onStatus(Type, String)","onStatus(PubSubType, String)"
"d6a46630ee8d1d9fbcface1bfbf83bbb9ecac550","src/main/java/org/redisson/RedissonTopic.java","addListener(RedisPubSubTopicListenerWrapper<M>)","addListener(StatusListener)"
"d6a46630ee8d1d9fbcface1bfbf83bbb9ecac550","src/main/java/org/redisson/RedissonTopicPattern.java","addListener(RedisPubSubTopicListenerWrapper<M>)","addListener(PubSubMessageListenerWrapper<M>)"
"d6a46630ee8d1d9fbcface1bfbf83bbb9ecac550","src/main/java/org/redisson/client/BaseRedisPubSubListener.java","onStatus(Type, String)","onStatus(PubSubType, String)"
"d6a46630ee8d1d9fbcface1bfbf83bbb9ecac550","src/main/java/org/redisson/client/OneShotPubSubListener.java","onStatus(Type, String)","onStatus(PubSubType, String)"
"d6a46630ee8d1d9fbcface1bfbf83bbb9ecac550","src/main/java/org/redisson/client/RedisPubSubListener.java","onStatus(PubSubStatusMessage.Type, String)","onStatus(PubSubType, String)"
"d6a46630ee8d1d9fbcface1bfbf83bbb9ecac550","src/main/java/org/redisson/connection/MasterSlaveConnectionManager.java","onStatus(Type, String)","onStatus(PubSubType, String)"
"d6a46630ee8d1d9fbcface1bfbf83bbb9ecac550","src/main/java/org/redisson/connection/MasterSlaveConnectionManager.java","onStatus(Type, String)","onStatus(PubSubType, String)"
"d6a46630ee8d1d9fbcface1bfbf83bbb9ecac550","src/main/java/org/redisson/connection/PubSubConnectionEntry.java","onStatus(Type, String)","onStatus(PubSubType, String)"
"d6a46630ee8d1d9fbcface1bfbf83bbb9ecac550","src/main/java/org/redisson/connection/PubSubConnectionEntry.java","onStatus(Type, String)","onStatus(PubSubType, String)"
"d6a46630ee8d1d9fbcface1bfbf83bbb9ecac550","src/main/java/org/redisson/connection/SentinelConnectionManager.java","onStatus(Type, String)","onStatus(PubSubType, String)"
"d6a46630ee8d1d9fbcface1bfbf83bbb9ecac550","src/test/java/org/redisson/RedisClientTest.java","onStatus(Type, String)","onStatus(PubSubType, String)"
"a5780e4338da1dcc50822f69af88e445f395d3d3","src/main/java/org/redisson/client/RedisConnection.java","send(List<CommandData<? extends Object,? extends Object>>)","send(CommandsData)"
"ad5385aa9864e0e60a1e2513e18427da88aa0a00","src/main/java/org/redisson/RedissonSet.java","removeAsync(V)","removeAsync(Object)"
"68a1c014c252d49fe11eb54570a7718f5bdba88b","src/main/java/org/redisson/RedissonMap.java","addAndGet(K, V)","addAndGet(K, Number)"
"68a1c014c252d49fe11eb54570a7718f5bdba88b","src/main/java/org/redisson/core/RMap.java","addAndGet(K, V)","addAndGet(K, Number)"
"2b168cb0faed8a460fc01d0eff386cd256ce19a8","src/main/java/org/redisson/connection/MasterSlaveConnectionManager.java","operationComplete(Future<PubSubStatusMessage>)","operationComplete(Future<List<PubSubStatusMessage>>)"
"2b168cb0faed8a460fc01d0eff386cd256ce19a8","src/main/java/org/redisson/connection/MasterSlaveConnectionManager.java","operationComplete(Future<PubSubStatusMessage>)","operationComplete(Future<List<PubSubStatusMessage>>)"
"2b168cb0faed8a460fc01d0eff386cd256ce19a8","src/main/java/org/redisson/connection/PubSubConnectionEntry.java","operationComplete(Future<PubSubStatusMessage>)","operationComplete(Future<List<PubSubStatusMessage>>)"
"2b168cb0faed8a460fc01d0eff386cd256ce19a8","src/main/java/org/redisson/connection/PubSubConnectionEntry.java","operationComplete(Future<PubSubStatusMessage>)","operationComplete(Future<List<PubSubStatusMessage>>)"
"2b168cb0faed8a460fc01d0eff386cd256ce19a8","src/main/java/org/redisson/connection/PubSubConnectionEntry.java","operationComplete(Future<PubSubStatusMessage>)","operationComplete(Future<List<PubSubStatusMessage>>)"
"2b168cb0faed8a460fc01d0eff386cd256ce19a8","src/main/java/org/redisson/connection/PubSubConnectionEntry.java","operationComplete(Future<PubSubStatusMessage>)","operationComplete(Future<List<PubSubStatusMessage>>)"
"2b168cb0faed8a460fc01d0eff386cd256ce19a8","src/main/java/org/redisson/connection/SentinelConnectionManager.java","operationComplete(Future<PubSubStatusMessage>)","operationComplete(Future<List<PubSubStatusMessage>>)"
"3e92fb70cee8419cfb2fa425ac8e24a849108c10","src/main/java/org/redisson/codec/KryoCodec.java","decode(ByteBuffer)","decode(ByteBuf)"
"3e92fb70cee8419cfb2fa425ac8e24a849108c10","src/main/java/org/redisson/codec/SerializationCodec.java","decode(ByteBuffer)","decode(ByteBuf)"
"af705534db038b006443ea26a7916811e1b1c316","src/main/java/org/redisson/connection/MasterSlaveConnectionManager.java","operationComplete(Future)","operationComplete(Future<PubSubStatusMessage>)"
"af705534db038b006443ea26a7916811e1b1c316","src/main/java/org/redisson/connection/MasterSlaveConnectionManager.java","operationComplete(Future)","operationComplete(Future<PubSubStatusMessage>)"
"bbe5e7e71f2c50677696e60d7e31b099bcae8142","src/main/java/org/redisson/client/RedisConnection.java","send(RedisData<T,R>)","send(CommandData<T,R>)"
"63543ced1c3b0b7d1c791130b2e043c85992dcd8","src/main/java/org/redisson/Config.java","setCodec(RedissonCodec)","setCodec(Codec)"
"63543ced1c3b0b7d1c791130b2e043c85992dcd8","src/main/java/org/redisson/RedissonSortedSet.java","execute(RedisAsyncConnection<Object,Object>)","execute(Codec, RedisConnection)"
"63543ced1c3b0b7d1c791130b2e043c85992dcd8","src/main/java/org/redisson/RedissonSortedSet.java","execute(RedisConnection<Object,V>)","execute(Codec, RedisConnection)"
"63543ced1c3b0b7d1c791130b2e043c85992dcd8","src/main/java/org/redisson/RedissonSortedSet.java","loadComparator(RedisConnection<Object,?>)","loadComparator(RedisConnection)"
"63543ced1c3b0b7d1c791130b2e043c85992dcd8","src/main/java/org/redisson/RedissonSortedSet.java","execute(RedisAsyncConnection<Object,V>)","execute(Codec, RedisConnection)"
"63543ced1c3b0b7d1c791130b2e043c85992dcd8","src/main/java/org/redisson/RedissonSortedSet.java","size(RedisConnection<Object,?>)","size(RedisConnection)"
"63543ced1c3b0b7d1c791130b2e043c85992dcd8","src/main/java/org/redisson/RedissonSortedSet.java","execute(RedisConnection<Object,V>)","execute(Codec, RedisConnection)"
"63543ced1c3b0b7d1c791130b2e043c85992dcd8","src/main/java/org/redisson/RedissonSortedSet.java","execute(RedisConnection<Object,Object>)","execute(Codec, RedisConnection)"
"63543ced1c3b0b7d1c791130b2e043c85992dcd8","src/main/java/org/redisson/RedissonSortedSet.java","getCurrentVersion(RedisConnection<Object,Object>)","getCurrentVersion(Codec, RedisConnection)"
"63543ced1c3b0b7d1c791130b2e043c85992dcd8","src/main/java/org/redisson/RedissonSortedSet.java","add(V, RedisConnection<Object,V>)","add(V, Codec, RedisConnection)"
"63543ced1c3b0b7d1c791130b2e043c85992dcd8","src/main/java/org/redisson/RedissonSortedSet.java","checkComparator(RedisConnection<Object,?>)","checkComparator(RedisConnection)"
"63543ced1c3b0b7d1c791130b2e043c85992dcd8","src/main/java/org/redisson/RedissonSortedSet.java","remove(Object, RedisConnection<Object,V>)","remove(Object, Codec, RedisConnection)"
"63543ced1c3b0b7d1c791130b2e043c85992dcd8","src/main/java/org/redisson/RedissonSortedSet.java","getAtIndex(int, RedisConnection<Object,V>)","getAtIndex(Codec, int, RedisConnection)"
"63543ced1c3b0b7d1c791130b2e043c85992dcd8","src/main/java/org/redisson/RedissonSortedSet.java","binarySearch(V, RedisConnection<Object,V>, int, int)","binarySearch(V, Codec, RedisConnection, int, int)"
"63543ced1c3b0b7d1c791130b2e043c85992dcd8","src/main/java/org/redisson/RedissonSortedSet.java","binarySearch(V, RedisConnection<Object,V>)","binarySearch(V, Codec, RedisConnection)"
"63543ced1c3b0b7d1c791130b2e043c85992dcd8","src/main/java/org/redisson/RedissonSortedSet.java","score(V, RedisConnection<Object,V>, int, boolean)","score(V, RedisConnection, int, boolean)"
"63543ced1c3b0b7d1c791130b2e043c85992dcd8","src/main/java/org/redisson/RedissonSubSortedSet.java","getTailScore(RedisConnection<Object,V>)","getTailScore(RedisConnection)"
"63543ced1c3b0b7d1c791130b2e043c85992dcd8","src/main/java/org/redisson/RedissonSubSortedSet.java","getHeadScore(RedisConnection<Object,V>)","getHeadScore(RedisConnection)"
"63543ced1c3b0b7d1c791130b2e043c85992dcd8","src/main/java/org/redisson/client/RedisPubSubConnection.java","removeListener(RedisPubSubListener)","removeListener(RedisPubSubListener<?>)"
"63543ced1c3b0b7d1c791130b2e043c85992dcd8","src/main/java/org/redisson/client/protocol/Encoder.java","encode(int, Object)","encode(Object)"
"63543ced1c3b0b7d1c791130b2e043c85992dcd8","src/main/java/org/redisson/client/protocol/StringCodec.java","encode(int, Object)","encode(Object)"
"63543ced1c3b0b7d1c791130b2e043c85992dcd8","src/main/java/org/redisson/client/protocol/StringParamsEncoder.java","encode(int, Object)","encode(Object)"
"63543ced1c3b0b7d1c791130b2e043c85992dcd8","src/main/java/org/redisson/codec/JsonJacksonCodec.java","decode(ByteBuffer)","decode(ByteBuf)"
"63543ced1c3b0b7d1c791130b2e043c85992dcd8","src/main/java/org/redisson/connection/BaseLoadBalancer.java","init(RedisCodec, MasterSlaveServersConfig)","init(Codec, MasterSlaveServersConfig)"
"63543ced1c3b0b7d1c791130b2e043c85992dcd8","src/main/java/org/redisson/connection/ConnectionManager.java","writeAsyncVoid(String, RedisCommand<String>, Object)","writeAsyncVoid(String, RedisCommand<T>, Object)"
"63543ced1c3b0b7d1c791130b2e043c85992dcd8","src/main/java/org/redisson/connection/ConnectionManager.java","read(String, SyncOperation<V,R>)","read(String, SyncOperation<R>)"
"63543ced1c3b0b7d1c791130b2e043c85992dcd8","src/main/java/org/redisson/connection/ConnectionManager.java","write(String, SyncInterruptedOperation<V,R>)","write(String, SyncOperation<R>)"
"63543ced1c3b0b7d1c791130b2e043c85992dcd8","src/main/java/org/redisson/connection/ConnectionManager.java","write(String, SyncOperation<V,R>)","write(RedisCommand<T>, Object)"
"63543ced1c3b0b7d1c791130b2e043c85992dcd8","src/main/java/org/redisson/connection/ConnectionManager.java","write(String, AsyncOperation<V,R>)","write(Codec, RedisCommand<T>, Object)"
"63543ced1c3b0b7d1c791130b2e043c85992dcd8","src/main/java/org/redisson/connection/ConnectionManager.java","writeAllAsync(AsyncOperation<V,T>)","writeAllAsync(RedisCommand<T>, Object)"
"63543ced1c3b0b7d1c791130b2e043c85992dcd8","src/main/java/org/redisson/connection/ConnectionManager.java","read(String, AsyncOperation<V,T>)","read(String, Codec, RedisCommand<T>, Object)"
"63543ced1c3b0b7d1c791130b2e043c85992dcd8","src/main/java/org/redisson/connection/ConnectionManager.java","readAsync(String, AsyncOperation<V,T>)","readAsync(String, Codec, RedisCommand<T>, Object)"
"63543ced1c3b0b7d1c791130b2e043c85992dcd8","src/main/java/org/redisson/connection/ConnectionManager.java","writeAsync(String, AsyncOperation<V,T>)","writeAsync(RedisCommand<T>, Object)"
"63543ced1c3b0b7d1c791130b2e043c85992dcd8","src/main/java/org/redisson/connection/ConnectionManager.java","writeAsync(AsyncOperation<V,T>)","writeAsync(Codec, RedisCommand<T>, Object)"
"63543ced1c3b0b7d1c791130b2e043c85992dcd8","src/main/java/org/redisson/connection/ConnectionManager.java","subscribe(RedisPubSubAdapter<V>, String)","subscribe(RedisPubSubListener<V>, String)"
"63543ced1c3b0b7d1c791130b2e043c85992dcd8","src/main/java/org/redisson/connection/LoadBalancer.java","init(RedisCodec, MasterSlaveServersConfig)","init(Codec, MasterSlaveServersConfig)"
"63543ced1c3b0b7d1c791130b2e043c85992dcd8","src/main/java/org/redisson/connection/MasterSlaveConnectionManager.java","writeAllAsync(AsyncOperation<V,T>)","writeAllAsync(RedisCommand<T>, Object)"
"63543ced1c3b0b7d1c791130b2e043c85992dcd8","src/main/java/org/redisson/connection/MasterSlaveConnectionManager.java","writeAsync(String, AsyncOperation<V,T>)","writeAsync(String, Codec, RedisCommand<T>, Object)"
"63543ced1c3b0b7d1c791130b2e043c85992dcd8","src/main/java/org/redisson/connection/MasterSlaveConnectionManager.java","writeAsync(AsyncOperation<V,T>)","writeAsync(RedisCommand<T>, Object)"
"63543ced1c3b0b7d1c791130b2e043c85992dcd8","src/main/java/org/redisson/connection/MasterSlaveConnectionManager.java","writeAsync(int, AsyncOperation<V,T>, Promise<T>, int)","writeAsync(Codec, RedisCommand<T>, Object)"
"63543ced1c3b0b7d1c791130b2e043c85992dcd8","src/main/java/org/redisson/connection/MasterSlaveConnectionManager.java","write(String, SyncInterruptedOperation<V,R>)","write(String, SyncOperation<R>)"
"63543ced1c3b0b7d1c791130b2e043c85992dcd8","src/main/java/org/redisson/connection/MasterSlaveConnectionManager.java","write(int, SyncInterruptedOperation<V,R>, int)","write(String, RedisCommand<T>, Object)"
"63543ced1c3b0b7d1c791130b2e043c85992dcd8","src/main/java/org/redisson/connection/MasterSlaveConnectionManager.java","write(String, SyncOperation<V,R>)","write(String, Codec, RedisCommand<T>, Object)"
"63543ced1c3b0b7d1c791130b2e043c85992dcd8","src/main/java/org/redisson/connection/MasterSlaveConnectionManager.java","write(int, SyncOperation<V,R>, int)","write(RedisCommand<T>, Object)"
"63543ced1c3b0b7d1c791130b2e043c85992dcd8","src/main/java/org/redisson/connection/MasterSlaveConnectionManager.java","read(String, SyncOperation<V,R>)","read(String, RedisCommand<T>, Object)"
"63543ced1c3b0b7d1c791130b2e043c85992dcd8","src/main/java/org/redisson/connection/MasterSlaveConnectionManager.java","read(int, SyncOperation<V,R>, int)","read(String, Codec, RedisCommand<T>, Object)"
"63543ced1c3b0b7d1c791130b2e043c85992dcd8","src/main/java/org/redisson/connection/MasterSlaveConnectionManager.java","write(String, AsyncOperation<V,R>)","write(Codec, RedisCommand<T>, Object)"
"63543ced1c3b0b7d1c791130b2e043c85992dcd8","src/main/java/org/redisson/connection/MasterSlaveConnectionManager.java","read(String, AsyncOperation<V,T>)","read(String, SyncOperation<R>)"
"63543ced1c3b0b7d1c791130b2e043c85992dcd8","src/main/java/org/redisson/connection/MasterSlaveConnectionManager.java","readAsync(String, AsyncOperation<V,T>)","readAsync(String, Codec, RedisCommand<T>, Object)"
"63543ced1c3b0b7d1c791130b2e043c85992dcd8","src/main/java/org/redisson/connection/MasterSlaveConnectionManager.java","writeAsyncVoid(String, RedisCommand<String>, Object)","writeAsyncVoid(String, RedisCommand<T>, Object)"
"63543ced1c3b0b7d1c791130b2e043c85992dcd8","src/main/java/org/redisson/connection/MasterSlaveConnectionManager.java","subscribe(RedisPubSubAdapter<V>, String)","subscribe(RedisPubSubListener, String)"
"63543ced1c3b0b7d1c791130b2e043c85992dcd8","src/main/java/org/redisson/connection/PubSubConnectionEntry.java","addListener(String, RedisPubSubListener)","addListener(String, RedisPubSubListener<?>)"
"63543ced1c3b0b7d1c791130b2e043c85992dcd8","src/main/java/org/redisson/connection/PubSubConnectionEntry.java","subscribe(RedisPubSubAdapter, String)","subscribe(Codec, RedisPubSubListener, String)"
"63543ced1c3b0b7d1c791130b2e043c85992dcd8","src/main/java/org/redisson/connection/PubSubConnectionEntry.java","operationComplete(Future)","operationComplete(Future<PubSubStatusMessage>)"
"63543ced1c3b0b7d1c791130b2e043c85992dcd8","src/main/java/org/redisson/connection/PubSubConnectionEntry.java","operationComplete(Future)","operationComplete(Future<PubSubStatusMessage>)"
"4783371ba4233aba77b8e189739a3ab4ffbc96ee","src/main/java/org/redisson/client/handler/RedisDecoder.java","decoder(RedisData<Object,Object>, boolean)","decoder(RedisData<Object,Object>, List<Object>, Decoder<Object>)"
"61d323c418773af3a0d254f2c0fe67f4c3d52c7d","src/main/java/org/redisson/client/RedisConnection.java","sync(RedisStringCommand, Object)","sync(RedisStrictCommand<T>, Object)"
"61d323c418773af3a0d254f2c0fe67f4c3d52c7d","src/main/java/org/redisson/client/RedisPubSubConnection.java","async(Codec, RedisCommand<T>, Object)","async(MultiDecoder<Object>, RedisCommand<T>, Object)"
"93eb8fad274249ecbc06b9dcae9ca4142de00d5f","src/main/java/org/redisson/client/RedisClient.java","execute(RedisCommand<R>, Object)","execute(Codec, RedisCommand<T>, Object)"
"93eb8fad274249ecbc06b9dcae9ca4142de00d5f","src/main/java/org/redisson/client/handler/RedisEncoder.java","encode(ChannelHandlerContext, RedisData<Object>, ByteBuf)","encode(ChannelHandlerContext, RedisData<Object,Object>, ByteBuf)"
"98c21fbd18da21b28848168e750d4af14fc30f65","src/main/java/org/redisson/RedissonLock.java","execute(RedisConnection<Object,LockValue>)","execute(RedisConnection<Object,Boolean>)"
"3189c677f84b5fb4390ea1ac9ebd96443359eb2a","src/main/java/org/redisson/RedissonMap.java","removeAsync(K, Promise<V>, RedisAsyncConnection<Object,V>, AsyncOperation<V,V>)","removeAsync(Object, Object)"
"c54d96fad0fe77285e47b14c0e7f881e1a6fac29","src/main/java/org/redisson/RedissonObject.java","onOperationComplete(Future<Object>)","onOperationComplete(Future<String>)"
"fee63b39bc3f0f44a81798dba9f48c295a104570","src/main/java/org/redisson/connection/ClusterPartition.java","addSlaveAddress(String)","addSlaveAddress(URI)"
"eb450752222d303285c00358c7fce4d22f1856cb","src/main/java/org/redisson/RedissonAtomicLong.java","execute(RedisAsyncConnection<Object,Object>)","execute(RedisConnection<Object,Object>)"
"a0b9211866ba5e155ad696557861e5f15465be92","src/main/java/org/redisson/connection/BaseLoadBalancer.java","init(RedisCodec, String)","init(RedisCodec, MasterSlaveServersConfig)"
"a0b9211866ba5e155ad696557861e5f15465be92","src/main/java/org/redisson/connection/LoadBalancer.java","init(RedisCodec, String)","init(RedisCodec, MasterSlaveServersConfig)"
"d9b19ff3144b24b8c3a30d8ca05287560628ca98","src/main/java/org/redisson/connection/BaseLoadBalancer.java","add(SlaveConnectionEntry)","add(SubscribesConnectionEntry)"
"d9b19ff3144b24b8c3a30d8ca05287560628ca98","src/main/java/org/redisson/connection/BaseLoadBalancer.java","getIndex(List<SlaveConnectionEntry>)","getIndex(List<SubscribesConnectionEntry>)"
"d9b19ff3144b24b8c3a30d8ca05287560628ca98","src/main/java/org/redisson/connection/LoadBalancer.java","add(SlaveConnectionEntry)","add(SubscribesConnectionEntry)"
"d9b19ff3144b24b8c3a30d8ca05287560628ca98","src/main/java/org/redisson/connection/RandomLoadBalancer.java","getIndex(List<SlaveConnectionEntry>)","getIndex(List<SubscribesConnectionEntry>)"
"d9b19ff3144b24b8c3a30d8ca05287560628ca98","src/main/java/org/redisson/connection/RoundRobinLoadBalancer.java","getIndex(List<SlaveConnectionEntry>)","getIndex(List<SubscribesConnectionEntry>)"
"504b0175c72ff511895469f39050db5e4bbd2770","src/main/java/com/lambdaworks/redis/RedisAsyncConnection.java","hincrbyfloat(K, K, double)","hincrbyfloat(K, K, String)"
"504b0175c72ff511895469f39050db5e4bbd2770","src/main/java/com/lambdaworks/redis/RedisAsyncConnection.java","incrbyfloat(K, double)","incrbyfloat(K, String)"
"504b0175c72ff511895469f39050db5e4bbd2770","src/main/java/com/lambdaworks/redis/RedisConnection.java","hincrbyfloat(K, K, double)","hincrbyfloat(K, K, String)"
"504b0175c72ff511895469f39050db5e4bbd2770","src/main/java/com/lambdaworks/redis/RedisConnection.java","incrbyfloat(K, double)","incrbyfloat(K, String)"
"e3875ea1d3b7577583351522b33b6bbeed38bb5e","src/main/java/org/redisson/RedissonSortedSet.java","getScoreKeyName(Double)","getScoreKeyName(int)"
"6e3201d31bba085d11d5bafbcd1b411136044804","src/main/java/org/redisson/async/AsyncOperation.java","execute(Promise<T>, RedisAsyncConnection<Object,V>)","execute(Promise<R>, RedisAsyncConnection<Object,V>)"
"f842cca47741a27b48b2f1163939234f2ad8bdd1","src/main/java/org/redisson/RedissonBucket.java","execute(Promise<V>, RedisAsyncConnection<Object,V>)","execute(RedisAsyncConnection<Object,V>)"
"f842cca47741a27b48b2f1163939234f2ad8bdd1","src/main/java/org/redisson/RedissonBucket.java","execute(Promise<Void>, RedisAsyncConnection<Object,V>)","execute(RedisAsyncConnection<Object,V>)"
"f842cca47741a27b48b2f1163939234f2ad8bdd1","src/main/java/org/redisson/RedissonBucket.java","execute(Promise<Void>, RedisAsyncConnection<Object,V>)","execute(RedisAsyncConnection<Object,V>)"
"d8d2fc1a6096981c6c546c1b5b06e723dda29b01","src/main/java/org/redisson/OperationListener.java","isBreak(RedisAsyncConnection<Object,V>, Promise<V>, Future<F>)","isBreak(RedisAsyncConnection<Object,V>, Promise<P>, Future<F>)"
"66dbe3f1fb70c2f22a381962b2498a0ccbddbcbe","src/main/java/org/redisson/connection/BaseLoadBalancer.java","add(ConnectionEntry)","add(SlaveConnectionEntry)"
"66dbe3f1fb70c2f22a381962b2498a0ccbddbcbe","src/main/java/org/redisson/connection/BaseLoadBalancer.java","getIndex(List<ConnectionEntry>)","getIndex(List<SlaveConnectionEntry>)"
"66dbe3f1fb70c2f22a381962b2498a0ccbddbcbe","src/main/java/org/redisson/connection/LoadBalancer.java","add(ConnectionEntry)","add(SlaveConnectionEntry)"
"66dbe3f1fb70c2f22a381962b2498a0ccbddbcbe","src/main/java/org/redisson/connection/RandomLoadBalancer.java","getIndex(List<ConnectionEntry>)","getIndex(List<SlaveConnectionEntry>)"
"66dbe3f1fb70c2f22a381962b2498a0ccbddbcbe","src/main/java/org/redisson/connection/RoundRobinLoadBalancer.java","getIndex(List<ConnectionEntry>)","getIndex(List<SlaveConnectionEntry>)"
"e3da65ad87bd554a5d0adf4a8c6a23610253915b","src/main/java/org/redisson/connection/MasterSlaveConnectionManager.java","reattachListeners(Queue<RedisPubSubConnection>)","reattachListeners(Collection<RedisPubSubConnection>)"
"c9ed11750ca89736e8ab0febb8435ff9cdef047b","src/main/java/com/lambdaworks/redis/pubsub/RedisPubSubAdapter.java","message(K, V)","message(String, V)"
"c9ed11750ca89736e8ab0febb8435ff9cdef047b","src/main/java/com/lambdaworks/redis/pubsub/RedisPubSubAdapter.java","message(K, K, V)","message(String, String, V)"
"c9ed11750ca89736e8ab0febb8435ff9cdef047b","src/main/java/com/lambdaworks/redis/pubsub/RedisPubSubAdapter.java","subscribed(K, long)","subscribed(String, long)"
"c9ed11750ca89736e8ab0febb8435ff9cdef047b","src/main/java/com/lambdaworks/redis/pubsub/RedisPubSubAdapter.java","psubscribed(K, long)","psubscribed(String, long)"
"c9ed11750ca89736e8ab0febb8435ff9cdef047b","src/main/java/com/lambdaworks/redis/pubsub/RedisPubSubAdapter.java","unsubscribed(K, long)","unsubscribed(String, long)"
"c9ed11750ca89736e8ab0febb8435ff9cdef047b","src/main/java/com/lambdaworks/redis/pubsub/RedisPubSubAdapter.java","punsubscribed(K, long)","punsubscribed(String, long)"
"c9ed11750ca89736e8ab0febb8435ff9cdef047b","src/main/java/com/lambdaworks/redis/pubsub/RedisPubSubConnection.java","addListener(RedisPubSubListener<K,V>)","addListener(RedisPubSubListener<V>)"
"c9ed11750ca89736e8ab0febb8435ff9cdef047b","src/main/java/com/lambdaworks/redis/pubsub/RedisPubSubConnection.java","removeListener(RedisPubSubListener<K,V>)","removeListener(RedisPubSubListener<V>)"
"c9ed11750ca89736e8ab0febb8435ff9cdef047b","src/main/java/com/lambdaworks/redis/pubsub/RedisPubSubConnection.java","psubscribe(K)","psubscribe(String)"
"c9ed11750ca89736e8ab0febb8435ff9cdef047b","src/main/java/com/lambdaworks/redis/pubsub/RedisPubSubConnection.java","punsubscribe(K)","punsubscribe(String)"
"c9ed11750ca89736e8ab0febb8435ff9cdef047b","src/main/java/com/lambdaworks/redis/pubsub/RedisPubSubConnection.java","subscribe(K)","subscribe(String)"
"c9ed11750ca89736e8ab0febb8435ff9cdef047b","src/main/java/com/lambdaworks/redis/pubsub/RedisPubSubConnection.java","unsubscribe(K)","unsubscribe(String)"
"c9ed11750ca89736e8ab0febb8435ff9cdef047b","src/main/java/com/lambdaworks/redis/pubsub/RedisPubSubConnection.java","args(K)","args(String)"
"c9ed11750ca89736e8ab0febb8435ff9cdef047b","src/main/java/com/lambdaworks/redis/pubsub/RedisPubSubListener.java","message(K, V)","message(String, V)"
"c9ed11750ca89736e8ab0febb8435ff9cdef047b","src/main/java/com/lambdaworks/redis/pubsub/RedisPubSubListener.java","message(K, K, V)","message(String, String, V)"
"c9ed11750ca89736e8ab0febb8435ff9cdef047b","src/main/java/com/lambdaworks/redis/pubsub/RedisPubSubListener.java","subscribed(K, long)","subscribed(String, long)"
"c9ed11750ca89736e8ab0febb8435ff9cdef047b","src/main/java/com/lambdaworks/redis/pubsub/RedisPubSubListener.java","psubscribed(K, long)","psubscribed(String, long)"
"c9ed11750ca89736e8ab0febb8435ff9cdef047b","src/main/java/com/lambdaworks/redis/pubsub/RedisPubSubListener.java","unsubscribed(K, long)","unsubscribed(String, long)"
"c9ed11750ca89736e8ab0febb8435ff9cdef047b","src/main/java/com/lambdaworks/redis/pubsub/RedisPubSubListener.java","punsubscribed(K, long)","punsubscribed(String, long)"
"c9ed11750ca89736e8ab0febb8435ff9cdef047b","src/main/java/org/redisson/RedisPubSubTopicListenerWrapper.java","message(K, V)","message(String, V)"
"c9ed11750ca89736e8ab0febb8435ff9cdef047b","src/main/java/org/redisson/RedissonLock.java","message(String, Integer)","message(String, Object)"
"c9ed11750ca89736e8ab0febb8435ff9cdef047b","src/main/java/org/redisson/RedissonTopic.java","addListener(RedisPubSubTopicListenerWrapper<String,M>)","addListener(RedisPubSubTopicListenerWrapper<M>)"
"c9ed11750ca89736e8ab0febb8435ff9cdef047b","src/main/java/org/redisson/connection/ConnectionManager.java","subscribe(RedisPubSubAdapter<K,V>, String)","subscribe(RedisPubSubAdapter<V>, String)"
"c9ed11750ca89736e8ab0febb8435ff9cdef047b","src/main/java/org/redisson/connection/ConnectionManager.java","unsubscribe(PubSubConnectionEntry, String)","unsubscribe(String)"
"c9ed11750ca89736e8ab0febb8435ff9cdef047b","src/main/java/org/redisson/connection/MasterSlaveConnectionManager.java","subscribe(RedisPubSubAdapter<K,V>, String)","subscribe(RedisPubSubAdapter<V>, String)"
"c9ed11750ca89736e8ab0febb8435ff9cdef047b","src/main/java/org/redisson/connection/MasterSlaveConnectionManager.java","unsubscribe(PubSubConnectionEntry, String)","unsubscribe(String)"
"c9ed11750ca89736e8ab0febb8435ff9cdef047b","src/main/java/org/redisson/connection/PubSubConnectionEntry.java","subscribed(Object, long)","subscribed(String, long)"
"c9ed11750ca89736e8ab0febb8435ff9cdef047b","src/main/java/org/redisson/connection/PubSubConnectionEntry.java","unsubscribed(Object, long)","unsubscribed(String, long)"
"c9ed11750ca89736e8ab0febb8435ff9cdef047b","src/main/java/org/redisson/connection/PubSubConnectionEntry.java","subscribe(RedisPubSubAdapter, Object)","subscribe(RedisPubSubAdapter, String)"
"7c8948a368a10fa94b7b37ce54368fb29234c049","src/main/java/org/redisson/connection/MasterSlaveConnectionManager.java","init(MasterSlaveConnectionConfig, Config)","init(MasterSlaveServersConfig, Config)"
"7c8948a368a10fa94b7b37ce54368fb29234c049","src/main/java/org/redisson/connection/MasterSlaveConnectionManager.java","init(MasterSlaveConnectionConfig)","init(MasterSlaveServersConfig)"
"7c8948a368a10fa94b7b37ce54368fb29234c049","src/main/java/org/redisson/connection/SentinelConnectionManager.java","init(SentinelConnectionConfig, Config)","init(SentinelServersConfig, Config)"
"56254719ff615662961b40bc6f0526ea96dbdb25","src/main/java/org/redisson/connection/BaseLoadBalancer.java","init(List<ConnectionEntry>, RedisCodec, String)","init(RedisCodec, String)"
"56254719ff615662961b40bc6f0526ea96dbdb25","src/main/java/org/redisson/connection/LoadBalancer.java","init(List<ConnectionEntry>, RedisCodec, String)","init(RedisCodec, String)"
"97eb7771ff268ebca69dab47f992f6a51f615042","src/main/java/org/redisson/RedisPubSubTopicListenerWrapper.java","message(String, V)","message(K, V)"
"97eb7771ff268ebca69dab47f992f6a51f615042","src/main/java/org/redisson/connection/PubSubConnectionEntry.java","subscribed(String, long)","subscribed(Object, long)"
"ca56f63d038b2bd537bf6228b45e249fe2e2fade","src/main/java/org/redisson/connection/LoadBalancer.java","init(List<RedisClient>)","init(List<ConnectionEntry>, RedisCodec)"
"485483821cf81a2fc8d2218c52ab4160796c0224","src/main/java/org/redisson/RedisPubSubTopicListenerWrapper.java","message(K, V)","message(String, V)"
"485483821cf81a2fc8d2218c52ab4160796c0224","src/main/java/org/redisson/connection/ConnectionManager.java","subscribe(RedisPubSubAdapter<K,V>, K)","subscribe(String)"
"485483821cf81a2fc8d2218c52ab4160796c0224","src/main/java/org/redisson/connection/ConnectionManager.java","unsubscribe(PubSubConnectionEntry, K)","unsubscribe(PubSubConnectionEntry, String)"
"485483821cf81a2fc8d2218c52ab4160796c0224","src/main/java/org/redisson/connection/PubSubConnectionEntry.java","unsubscribe(Object)","unsubscribe(String)"
"c18df16636683ed9acc7441fbc32363dbc264052","src/main/java/com/lambdaworks/redis/RedisAsyncConnection.java","await(Command<K,V,T>, long, TimeUnit)","await(Future<T>, long, TimeUnit)"
"746818d49af6df0ddd1abd5b1ef0883cfafb17eb","src/main/java/com/lambdaworks/redis/protocol/ConnectionWatchdog.java","run(Timeout)","run()"
"756d19cc7d13af756579fe898662786a605d8e73","src/main/java/org/redisson/connection/ConnectionManager.java","subscribe(RedisPubSubAdapter, Object)","subscribe(RedisPubSubAdapter<K,V>, K)"
"756d19cc7d13af756579fe898662786a605d8e73","src/main/java/org/redisson/connection/ConnectionManager.java","unsubscribe(Object)","unsubscribe(PubSubConnectionEntry, K)"
"85502a83c2717062f7960d0b714d8b9d17bd5ef4","src/main/java/org/redisson/RedissonSortedSet.java","checkComparator(RedisConnection<Object,V>)","checkComparator(RedisConnection<Object,?>)"
"e42c1a13693b9cfd77a58b170a6529a86971a3ac","src/main/java/org/redisson/RedissonSortedSet.java","size(RedisConnection<Object,V>)","size(RedisConnection<Object,?>)"
"e42c1a13693b9cfd77a58b170a6529a86971a3ac","src/main/java/org/redisson/RedissonSortedSet.java","trySetComparator(Comparator<V>)","trySetComparator(Comparator<? super V>)"
"e42c1a13693b9cfd77a58b170a6529a86971a3ac","src/main/java/org/redisson/core/RSortedSet.java","trySetComparator(Comparator<V>)","trySetComparator(Comparator<? super V>)"
"c860bb921d75925eb8914da0db1b131074736e37","src/main/java/org/redisson/Config.java","setCodec(RedisCodec)","setCodec(RedissonCodec)"
"cd834885096307bc1a2c041af8aeba7d1d466d24","src/main/java/org/redisson/config/Config.java","addAddress(String, int)","addAddress(String)"
"fa73042b8634298b74f4bc5704033f50c62a1b50","src/main/java/org/redisson/Redisson.java","create(String)","create(Config)"
"fa73042b8634298b74f4bc5704033f50c62a1b50","src/main/java/org/redisson/RedissonCountDownLatch.java","subscribed(Object, long)","subscribed(String, long)"
"fa73042b8634298b74f4bc5704033f50c62a1b50","src/main/java/org/redisson/RedissonCountDownLatch.java","message(Object, Object)","message(String, Integer)"
"fa73042b8634298b74f4bc5704033f50c62a1b50","src/main/java/org/redisson/RedissonLock.java","subscribed(Object, long)","subscribed(String, long)"
"fa73042b8634298b74f4bc5704033f50c62a1b50","src/main/java/org/redisson/RedissonLock.java","message(Object, Object)","message(String, Integer)"
"c5e896d4081e96b8149419d04621430c3159ec1d","src/main/java/org/redisson/RedissonTopic.java","subscribed(Object, long)","subscribed(String, long)"
"6486428f9179825c6c1fb46a45b351fd8c952884","src/main/java/org/redisson/RedissonCountDownLatch.java","trySetCount(int)","trySetCount(long)"
"6486428f9179825c6c1fb46a45b351fd8c952884","src/main/java/org/redisson/core/RCountDownLatch.java","trySetCount(int)","trySetCount(long)"
"d18b8c2133662b48466df47f551da507517727ee","src/test/java/org/redisson/RedissonListTest.java","clear(List<?>)","clear(Collection<?>, Redisson)"
"029afc60df288887e3dd31d14afa87724e343936","src/main/java/org/redisson/RedissonLock.java","subscribe(RedisPubSubConnection<Object,Object>)","subscribe()"
